#
# ak135 travel-time table for Pg
#
# number of distance and depth samples
24 10
# delta samples
0.000 0.025 0.050 0.100 0.250 0.500 0.750 1.000 1.500 2.000 2.500 3.000 3.500 4.000 4.500 5.000 5.500 6.000 6.500 7.000 7.500 8.000 8.500 9.000 
# depth samples
    0.000000    1.000000    2.500000    5.000000    7.500000   10.000000   12.500000   15.000000   17.500000   19.900000
#
# travel times (rows - delta, columns - depth)
#
    0.001100    0.172418    0.431036    0.862070    1.293104    1.724138    2.155173    2.586207    3.017242    3.431035
    0.479290    0.508507    0.645285    0.994276    1.389216    1.799351    2.216926    2.647300    3.059762    3.469523
    0.958579    0.973864    1.052345    1.290622    1.619540    1.987587    2.376045    2.797144    3.176440    3.575366
    1.917156    1.926127    1.965437    2.104215    2.311085    2.580003    2.893421    3.268677    3.583554    3.946490
    4.792883    4.795605    4.811734    4.871587    4.960690    5.094196    5.259172    5.441094    5.655010    5.884018
    9.585741    9.581686    9.593530    9.621423    9.672252    9.740889    9.820212    9.915680   10.039564   10.174689
   14.378553   14.378186   14.382325   14.398802   14.429338   14.478125   14.539133   14.608503   14.684859   14.765197
   19.171297   19.169092   19.172451   19.183207   19.203632   19.236736   19.283730   19.340408   19.404881   19.476004
   28.756487   28.754759   28.754076   28.758127   28.768974   28.785507   28.810789   28.847048   28.892696   28.948231
   38.341129   38.338547   38.336029   38.335777   38.340481   38.349857   38.363892   38.384644   38.414783   38.455696
   47.925045   47.921638   47.917580   47.913990   47.914284   47.918468   47.926418   47.938221   47.956024   47.983772
   57.508045   57.503811   57.498386   57.491943   57.488731   57.488754   57.492004   57.498409   57.508186   57.524830
   67.089951   67.084900   67.078194   67.069168   67.062935   67.059448   67.058746   67.060806   67.065590   67.073967
   76.670586   76.664742   76.656776   76.645340   76.636391   76.629791   76.625641   76.623932   76.624634   76.627670
   86.249756   86.243141   86.233917   86.220207   86.208733   86.199287   86.192055   86.186974   86.184044   86.182198
   95.827278   95.819908   95.809441   95.793556   95.779640   95.767563   95.757507   95.749352   95.743134 -999.000000
  105.402985  105.394852  105.383171  105.365150  105.348885  105.334343  105.321625  105.310608  105.301361 -999.000000
  114.976677  114.967789  114.954918  114.934792  114.916260  114.899353  114.884087  114.870377  114.858292 -999.000000
  124.548187  124.538536  124.524490  124.502289  124.481560  124.462357  124.444633  124.428360 -999.000000 -999.000000
  134.117325  134.106903  134.091705  134.067459  134.044586  134.023117  134.003021 -999.000000 -999.000000 -999.000000
  143.683899  143.672729  143.656357  143.630096  143.605133  143.581451 -999.000000 -999.000000 -999.000000 -999.000000
  153.247757  153.235825  153.218292  153.190033  153.162979 -999.000000 -999.000000 -999.000000 -999.000000 -999.000000
  162.808685  162.795990  162.777298 -999.000000 -999.000000 -999.000000 -999.000000 -999.000000 -999.000000 -999.000000
  172.366516 -999.000000 -999.000000 -999.000000 -999.000000 -999.000000 -999.000000 -999.000000 -999.000000 -999.000000
#
# dtdd (rows - delta, columns - depth)
#
   19.171537    0.129254    0.065738    0.033070    0.022064    0.016379    0.013013    0.013888    0.008387    0.007583
   19.171537   17.854509   13.987668    9.288748    6.974354    5.571506    4.636362    4.469359    3.283702    2.974482
   19.171535   18.985088   17.483356   13.976519   11.154520    9.272419    7.930205    7.355703    5.965409    5.418477
   19.171530   19.082998   18.783028   17.479616   15.938114   13.980620   12.407375   11.203523   10.086346    9.224753
   19.171492   19.157326   19.076553   18.882250   18.475380   17.953886   17.471331   16.822578   16.209488   15.535389
   19.171354   19.137278   19.149364   19.074633   18.973734   18.881403   18.783819   18.443089   18.201216   17.984491
   19.171125   19.164827   19.158691   19.129784   19.070677   19.000612   18.939119   18.882198   18.825764   18.777987
   19.170807   19.162539   19.161905   19.143585   19.117346   19.062754   19.011299   18.964960   18.922693   18.890018
   19.169893   19.168098   19.163967   19.153776   19.138926   19.120714   19.086981   19.051023   19.016960   18.986694
   19.168617   19.166962   19.163645   19.156242   19.146038   19.134245   19.119541   19.094734   19.066772   19.038769
   19.166975   19.165325   19.162441   19.156357   19.148649   19.139444   19.129015   19.116299   19.095539   19.071093
   19.164968   19.163313   19.160702   19.155302   19.148848   19.141296   19.132748   19.123280   19.111341   19.091543
   19.162598   19.160994   19.158463   19.153486   19.147802   19.141226   19.133900   19.125851   19.117077   19.103840
   19.159859   19.158306   19.155785   19.151114   19.145905   19.139978   19.133480   19.126387   19.118721   19.110088
   19.156755   19.155228   19.152723   19.148294   19.143339   19.137886   19.131998   19.125591   19.118702   19.107103
   19.153290   19.151772   19.149317   19.145014   19.140232   19.135141   19.129684   19.123768   19.117470 -999.000000
   19.149458   19.147942   19.145542   19.141300   19.136677   19.131872   19.126678   19.121136   19.115288 -999.000000
   19.145264   19.143742   19.141378   19.137194   19.132740   19.128094   19.123093   19.117847   19.112349 -999.000000
   19.140703   19.139177   19.136837   19.132723   19.128401   19.123842   19.119009   19.114006 -999.000000 -999.000000
   19.135778   19.134254   19.131929   19.127876   19.123632   19.119156   19.114489 -999.000000 -999.000000 -999.000000
   19.130489   19.128973   19.126652   19.122639   19.118458   19.114077 -999.000000 -999.000000 -999.000000 -999.000000
   19.124836   19.123323   19.121004   19.117025   19.112894 -999.000000 -999.000000 -999.000000 -999.000000 -999.000000
   19.118818   19.117308   19.114996 -999.000000 -999.000000 -999.000000 -999.000000 -999.000000 -999.000000 -999.000000
   19.112436 -999.000000 -999.000000 -999.000000 -999.000000 -999.000000 -999.000000 -999.000000 -999.000000 -999.000000
#
# dtdh (rows - delta, columns - depth)
#
   -0.000001    0.172410    0.172413    0.172414    0.172414    0.172414    0.172414    0.172414    0.172414    0.172414
   -0.000038    0.062736    0.117856    0.150789    0.160571    0.164949    0.167276    0.167640    0.169852    0.170313
   -0.000075    0.023796    0.070607    0.117910    0.140142    0.150834    0.156908    0.159153    0.163806    0.165339
   -0.000151    0.016269    0.034208    0.070544    0.095568    0.117765    0.131251    0.139738    0.146469    0.151000
   -0.000377    0.005894    0.016453    0.029069    0.045327    0.059784    0.070296    0.082036    0.091427    0.100420
   -0.000753    0.009841    0.006741    0.015922    0.023272    0.028323    0.032831    0.045674    0.052774    0.058335
   -0.001130    0.003388    0.004064    0.009101    0.015575    0.020876    0.024540    0.027463    0.030075    0.032077
   -0.001506    0.004310    0.002558    0.006328    0.009905    0.015618    0.019488    0.022354    0.024636    0.026182
   -0.002258   -0.001156    0.000383    0.002903    0.005583    0.008022    0.012070    0.015292    0.017779    0.019684
   -0.003010   -0.002205   -0.001073    0.000878    0.003016    0.004729    0.006683    0.009917    0.012720    0.015043
   -0.003761   -0.003152   -0.002209   -0.000649    0.000994    0.002493    0.003905    0.005603    0.008516    0.011227
   -0.004513   -0.004022   -0.003206   -0.001921   -0.000611    0.000683    0.001911    0.003114    0.004840    0.007908
   -0.005265   -0.004834   -0.004150   -0.003054   -0.001902   -0.000827    0.000270    0.001305    0.002366    0.004930
   -0.006017   -0.005630   -0.005052   -0.004085   -0.003084   -0.002135   -0.001172   -0.000198    0.000697    0.002207
   -0.006769   -0.006422   -0.005918   -0.005043   -0.004181   -0.003325   -0.002445   -0.001586   -0.000735    0.003762
   -0.007521   -0.007208   -0.006751   -0.005968   -0.005207   -0.004425   -0.003629   -0.002860   -0.002092 -999.000000
   -0.008272   -0.007989   -0.007568   -0.006865   -0.006177   -0.005452   -0.004744   -0.004045   -0.003341 -999.000000
   -0.009023   -0.008765   -0.008378   -0.007737   -0.007097   -0.006438   -0.005800   -0.005156   -0.004505 -999.000000
   -0.009775   -0.009538   -0.009179   -0.008586   -0.007989   -0.007393   -0.006806   -0.006206 -999.000000 -999.000000
   -0.010526   -0.010306   -0.009973   -0.009420   -0.008866   -0.008318   -0.007769 -999.000000 -999.000000 -999.000000
   -0.011276   -0.011071   -0.010761   -0.010246   -0.009729   -0.009217 -999.000000 -999.000000 -999.000000 -999.000000
   -0.012027   -0.011834   -0.011545   -0.011062   -0.010578 -999.000000 -999.000000 -999.000000 -999.000000 -999.000000
   -0.012778   -0.012596   -0.012324 -999.000000 -999.000000 -999.000000 -999.000000 -999.000000 -999.000000 -999.000000
   -0.013528 -999.000000 -999.000000 -999.000000 -999.000000 -999.000000 -999.000000 -999.000000 -999.000000 -999.000000
#
# ak135 travel-time table for Pg
#
