#
# ak135 travel-time table for Pn
#
# number of distance and depth samples
36 29
# delta samples
0.000 0.025 0.050 0.100 0.250 0.500 0.750 1.000 1.500 2.000 2.500 3.000 3.500 4.000 4.500 5.000 5.500 6.000 6.500 7.000 7.500 8.000 8.500 9.000 10.000 
11.000 12.000 13.000 14.000 15.000 16.000 17.000 18.000 19.000 20.000 21.000 
# depth samples
    0.000000    1.000000    2.500000    5.000000    7.500000   10.000000   12.500000   15.000000   17.500000   19.900000   20.000000   22.500000   25.000000   27.500000   30.000000   32.500000   34.900000   35.000000   40.000000   45.000000   50.000000   75.000000  100.000000  150.000000  200.000000  250.000000  300.000000  350.000000  400.000000
#
# travel times (rows - delta, columns - depth)
#
 -999.000000 -999.000000 -999.000000 -999.000000 -999.000000 -999.000000 -999.000000 -999.000000 -999.000000 -999.000000 -999.000000 -999.000000 -999.000000 -999.000000 -999.000000 -999.000000 -999.000000    5.755905    6.377821    6.999644    7.621420   10.729623   13.836689   20.028631   26.124485   32.108883   37.965973   43.700489   49.317471
 -999.000000 -999.000000 -999.000000 -999.000000 -999.000000 -999.000000 -999.000000 -999.000000 -999.000000 -999.000000 -999.000000 -999.000000 -999.000000 -999.000000 -999.000000 -999.000000 -999.000000    5.775165    6.393627    7.013085    7.633331   10.736849   13.841948   20.032009   26.126953   32.110813   37.967548   43.701809   49.318604
 -999.000000 -999.000000 -999.000000 -999.000000 -999.000000 -999.000000 -999.000000 -999.000000 -999.000000 -999.000000 -999.000000 -999.000000 -999.000000 -999.000000 -999.000000 -999.000000 -999.000000    5.831274    6.440053    7.052769    7.668505   10.758385   13.857639   20.042107   26.134336   32.116592   37.972263   43.705769   49.321999
 -999.000000 -999.000000 -999.000000 -999.000000 -999.000000 -999.000000 -999.000000 -999.000000 -999.000000 -999.000000 -999.000000 -999.000000 -999.000000 -999.000000 -999.000000 -999.000000 -999.000000    6.044228    6.618824    7.206975    7.805274   10.843523   13.919805   20.082241   26.163727   32.139610   37.991058   43.721561   49.335548
 -999.000000 -999.000000 -999.000000 -999.000000 -999.000000 -999.000000 -999.000000 -999.000000 -999.000000 -999.000000 -999.000000 -999.000000 -999.000000 -999.000000 -999.000000 -999.000000 -999.000000    7.324601    7.734155    8.193820    8.686139   11.418774   14.343039   20.358042   26.366648   32.298992   38.121426   43.831230   49.429722
 -999.000000 -999.000000 -999.000000 -999.000000 -999.000000 -999.000000 -999.000000 -999.000000 -999.000000 -999.000000 -999.000000 -999.000000   11.543238   11.316282   11.089495   10.862876   10.645479   10.636459   10.731924   10.947247   11.236210   13.254002   15.756811   21.307575   27.072102   32.856148   38.578804   44.216961   49.761570
   17.834362   17.714262   17.534153   17.234068   16.934109   16.634275   16.334568   16.034986   15.735531   15.448173   15.436222   15.208917   14.981793   14.754837   14.528048   14.301426   14.084027   14.075007   14.109492   14.213066   14.375578   15.802629   17.848242   22.800390   28.207434   33.760067   39.324322   44.847740   50.305519
   21.272917   21.152819   20.972706   20.672621   20.372662   20.072826   19.773117   19.473534   19.174076   18.886715   18.874765   18.647455   18.420330   18.193369   17.966576   17.739950   17.522547   17.513527   17.532154   17.594448   17.698496   18.734903   20.389418   24.730730   29.722324   34.987823   40.343788   45.713367   51.053917
   28.149948   28.029846   27.849731   27.549637   27.249670   26.949825   26.650108   26.350515   26.051048   25.763678   25.751726   25.524405   25.297264   25.070288   24.843479   24.616837   24.399418   24.390398   24.396170   24.426680   24.481718   25.102282   26.221794   29.519896   33.659248   38.270676   43.125454   48.103218   53.132362
   35.026745   34.906635   34.726513   34.426403   34.126419   33.826561   33.526825   33.227215   32.927731   32.640347   32.628395   32.401047   32.173885   31.946884   31.720051   31.493382   31.275938   31.266916   31.265890   31.282242   31.315588   31.732584   32.538410   35.080772   38.468407   42.424179   46.730038   51.255997   55.913403
   41.903145   41.783031   41.602894   41.302761   41.002754   40.702873   40.403114   40.103481   39.803974   39.516563   39.504612   39.277233   39.050034   38.823002   38.596130   38.369427   38.151947   38.142925   38.136906   38.144173   38.164448   38.460888   39.069160   41.072895   43.845066   47.206535   50.975719   55.033241   59.287109
   48.778999   48.658871   48.478718   48.178555   47.878521   47.578606   47.278816   46.979153   46.679615   46.392174   46.380219   46.152798   45.925556   45.698479   45.471565   45.244816   45.027294   45.018269   45.008030   45.008492   45.019608   45.234123   45.707035   47.315399   49.590240   52.434868   55.707207   59.309250   63.155411
   55.654148   55.534004   55.353828   55.053631   54.753555   54.453606   54.153778   53.854076   53.554497   53.267017   53.255062   53.027592   52.800297   52.573166   52.346199   52.119396   51.901817   51.892792   51.878735   51.873653   51.877556   52.031052   52.404518   53.710182   55.579365   57.979309   60.803280   63.977325   67.426971
   62.528431   62.408272   62.228065   61.927826   61.627708   61.327713   61.027840   60.728092   60.428467   60.140945   60.128986   59.901451   59.674095   59.446903   59.219872   58.993004   58.775364   58.766335   58.748688   58.738792   58.736637   58.841686   59.137741   60.202869   61.733662   63.749561   66.172539   68.951477   72.024521
   69.401695   69.281517   69.101280   68.800987   68.500816   68.200775   67.900848   67.601044   67.301369   67.013794   67.001831   66.774231   66.546799   66.319534   66.092430   65.865486   65.647774   65.638741   65.617661   65.603394   65.595932   65.660614   65.893730   66.759872   68.002144   69.683060   71.747231   74.164062   76.884048
   76.273788   76.153580   75.973312   75.672958   75.372734   75.072624   74.772644   74.472778   74.173042   73.885406   73.873444   73.645760   73.418251   73.190903   72.963715   72.736687   72.518898   72.509857   72.485458   72.467117   72.454849   72.484566   72.665070   73.360664   74.350723   75.735703   77.476898   79.562439   81.953568
   83.144547   83.024315   82.844009   82.543587   82.243294   81.943123   81.643066   81.343140   81.043335   80.755638   80.743668   80.515892   80.288292   80.060852   79.833572   79.606453   79.388565   79.379532   79.351875   79.329674   79.312973   79.311577   79.446655   79.992134   80.756615   81.875816   83.324142   85.105843   87.191193
   90.013817   89.893555   89.713203   89.412712   89.112343   88.812096   88.511971   88.211967   87.912086   87.624313   87.612350   87.384468   87.156769   86.929230   86.701843   86.474625   86.256638   86.247597   86.216728   86.190849   86.169952   86.140358   86.235291   86.644615   87.202988   88.080124   89.260422   90.762131   92.563171
   96.881439   96.761154   96.580750   96.280182   95.979729   95.679405   95.379196   95.079109   94.779144   94.491295   94.479324   94.251335   94.023529   93.795876   93.568382   93.341042   93.122955   93.113907   93.079865   93.050423   93.025536   92.969925   93.028801   93.310440   93.677498   94.331108   95.263847   96.506203   98.042358
  103.747269  103.626945  103.446487  103.145836  102.845299  102.544876  102.244583  101.944412  101.644356  101.356422  101.344444  101.116341  100.888405  100.660629  100.433014  100.205559   99.987350   99.978302   99.941124   99.908195   99.879478   99.799545   99.825539   99.983368  100.170715  100.615112  101.317238  102.318207  103.606880
  110.611137  110.490776  110.310265  110.009514  109.708878  109.408371  109.107979  108.807709  108.507553  108.219528  108.207550  107.979317  107.751251  107.523346  107.295601  107.068016  106.849678  106.840622  106.800339  106.763992  106.731583  106.628647  106.624268  106.658195  106.675133  106.921150  107.406883  108.182022  109.238319
  117.472893  117.352486  117.171921  116.871063  116.570328  116.269714  115.969223  115.668846  115.368591  115.080460  115.068481  114.840111  114.611908  114.383865  114.155975  113.928246  113.709778  113.700714  113.657341  113.617638  113.581635  113.456764  113.424042  113.330971  113.184631  113.240120  113.521545  114.084358  114.921753
  124.332375  124.211929  124.031296  123.730331  123.429489  123.128761  122.828156  122.527672  122.227310  121.939072  121.927086  121.698563  121.470215  121.242020  121.013985  120.786110  120.567490  120.558418  120.511978  120.468979  120.429443  120.283508  120.224121  119.998253  119.693916  119.564316  119.651985  120.014206  120.644943
  131.189438  131.068939  130.888229  130.587158  130.286194  129.985352  129.684631  129.384033  129.083542  128.795197  128.783203  128.554520  128.326019  128.097672  127.869476  127.641434  127.422661  127.413589  127.364082  127.317833  127.274841  127.108543  127.023872  126.656425  126.197624  125.887032  125.790443  125.962448  126.397621
  144.895645  144.775040  144.594193  144.292862  143.991638  143.690552  143.389572  143.088715  142.787964  142.499359  142.487366  142.258347  142.029495  141.800797  141.572266  141.343872  141.124771  141.115677  141.060104  141.007446  140.957718  140.752426  140.620453  139.930252  139.166672  138.505264  138.065598  137.884506  137.957230
  158.590286  158.469574  158.288544  157.986938  157.685440  157.384064  157.082794  156.781662  156.480637  156.191757  156.179733  155.950348  155.721115  155.492035  155.263123  155.034348  154.814865  154.805771  154.744156  154.685181  154.628799  154.386490  154.210419  153.120102  152.049042  151.057144  150.303345  149.801132  149.543610
  172.272125  172.151291  171.970078  171.668152  171.366348  171.064651  170.763077  170.461624  170.160278  169.871109  169.859070  169.629272  169.399612  169.170120  168.940781  168.711578  168.491699  168.482574  168.414917  168.349625  168.286728  168.009201  167.591843  166.190277  164.803482  163.514145  162.471542  161.675308  161.113663
  185.939789  185.818817  185.637405  185.335144  185.033005  184.730957  184.429047  184.127243  183.825546  183.536041  183.524002  183.293732  183.063629  182.833664  182.603867  182.374207  182.153870  182.144730  182.071045  181.999603  181.930420  181.569214  180.801453  179.101044  177.405884  175.853775  174.545715  173.477753 -999.000000
  199.592056  199.470932  199.289307  198.986679  198.684174  198.381775  198.079483  197.777313  197.475250  197.185394  197.173340  196.942581  196.711990  196.481552  196.251266  196.021118  195.800308  195.791153  195.711624  195.634201  195.558929  194.760071  193.834213  191.812439  189.849823  188.059265  186.506439  185.184509 -999.000000
  213.228043  213.106781  212.924927  212.621918  212.319031  212.016251  211.713577  211.408218  211.096161  210.796570  210.784103  210.540085  210.296036  210.051926  209.807770  209.563553  209.329056  209.319336  209.133698  208.944199  208.750931  207.730988  206.628815  204.320953  202.130661  200.118317  198.337082  196.775497 -999.000000
  226.371002  226.243774  226.052933  225.734802  225.416641  225.098450  224.780197  224.461899  224.143570  223.837921  223.825211  223.573105  223.320892  223.068588  222.816147  222.563599  222.321045  222.310974  222.084290  221.853882  221.620102  220.414536  219.167053  216.637863  214.240860  212.020615  210.022491 -999.000000 -999.000000
  239.126617  238.996521  238.801392  238.476135  238.150879  237.825607  237.500305  237.175003  236.849701  236.537384  236.524399  236.263626  236.002838  235.741989  235.481110  235.220200  234.969681  234.959274  234.698776  234.436951  234.173859  232.842316  231.488022  228.763290  226.172684  223.754852 -999.000000 -999.000000 -999.000000
  251.574753  251.442688  251.244598  250.914459  250.584335  250.254211  249.924088  249.593994  249.263885  248.947006  248.933823  248.667160  248.400513  248.133835  247.867157  247.600464  247.344421  247.333801  247.051254  246.767899  246.483719  245.051239  243.600906  240.692398  237.917313 -999.000000 -999.000000 -999.000000 -999.000000
  263.783691  263.649902  263.449219  263.114777  262.780304  262.445862  262.111450  261.777008  261.442596  261.121552  261.108215  260.836212  260.564240  260.292236  260.020233  259.748230  259.487091  259.476257  259.174164  258.871460  258.568115  257.042206  255.501755  252.417999 -999.000000 -999.000000 -999.000000 -999.000000 -999.000000
  275.759460  275.623993  275.420776  275.082092  274.743439  274.404785  274.066132  273.727509  273.388885  273.063812  273.050293  272.773132  272.495972  272.218842  271.941681  271.664490  271.398407  271.387360  271.067108  270.746338  270.425049  268.810699  267.183929 -999.000000 -999.000000 -999.000000 -999.000000 -999.000000 -999.000000
  287.498718  287.361572  287.155884  286.813019  286.470184  286.127350  285.784515  285.441711  285.098877  284.769775  284.756104  284.473846  284.191589  283.909332  283.627075  283.344788  283.073792  283.062561  282.724976 -999.000000 -999.000000 -999.000000 -999.000000 -999.000000 -999.000000 -999.000000 -999.000000 -999.000000 -999.000000
#
# dtdd (rows - delta, columns - depth)
#
 -999.000000 -999.000000 -999.000000 -999.000000 -999.000000 -999.000000 -999.000000 -999.000000 -999.000000 -999.000000 -999.000000 -999.000000 -999.000000 -999.000000 -999.000000 -999.000000 -999.000000    0.003608    0.002943    0.002493    0.002209    0.001331    0.000968    0.000621    0.000453    0.000354    0.000289    0.000243    0.000208
 -999.000000 -999.000000 -999.000000 -999.000000 -999.000000 -999.000000 -999.000000 -999.000000 -999.000000 -999.000000 -999.000000 -999.000000 -999.000000 -999.000000 -999.000000 -999.000000 -999.000000    1.523999    1.254537    1.068922    0.947282    0.576649    0.419850    0.269914    0.197235    0.154290    0.125871    0.105688    0.090628
 -999.000000 -999.000000 -999.000000 -999.000000 -999.000000 -999.000000 -999.000000 -999.000000 -999.000000 -999.000000 -999.000000 -999.000000 -999.000000 -999.000000 -999.000000 -999.000000 -999.000000    2.948273    2.449685    2.099347    1.860960    1.144795    0.834594    0.537600    0.393244    0.307808    0.251212    0.210992    0.180966
 -999.000000 -999.000000 -999.000000 -999.000000 -999.000000 -999.000000 -999.000000 -999.000000 -999.000000 -999.000000 -999.000000 -999.000000 -999.000000 -999.000000 -999.000000 -999.000000 -999.000000    5.506272    4.661420    4.042457    3.587373    2.254838    1.648542    1.066235    0.781558    0.612514    0.500301    0.420444    0.360768
 -999.000000 -999.000000 -999.000000 -999.000000 -999.000000 -999.000000 -999.000000 -999.000000 -999.000000 -999.000000 -999.000000 -999.000000 -999.000000 -999.000000 -999.000000 -999.000000 -999.000000   11.144098    9.814201    8.797699    7.940438    5.341392    3.961845    2.597261    1.916500    1.507813    1.234711    1.039490    0.893135
 -999.000000 -999.000000 -999.000000 -999.000000 -999.000000 -999.000000 -999.000000 -999.000000 -999.000000 -999.000000 -999.000000 -999.000000   13.754236   13.754235   13.754233   13.754230   13.754226   13.754225   13.206432   12.501624   11.810504    9.047410    7.175205    4.954471    3.705390    2.935911    2.415111    2.039725    1.756643
   13.754236   13.754236   13.754235   13.754234   13.754232   13.754230   13.754227   13.754223   13.754218   13.754213   13.754213   13.754205   13.754195   13.754186   13.754173   13.754161   13.754148   13.754147   13.652993   13.402857   13.068773   11.127213    9.399737    6.915121    5.342445    4.281432    3.539578    2.999697    2.589859
   13.754195   13.754192   13.754188   13.754179   13.754169   13.754160   13.754149   13.754138   13.754127   13.754114   13.754114   13.754096   13.754077   13.754057   13.754036   13.754013   13.753990   13.753989   13.714079   13.605625   13.446337   12.213763   10.824405    8.457450    6.737484    5.513461    4.606282    3.918357    3.392093
   13.753879   13.753870   13.753857   13.753834   13.753810   13.753785   13.753760   13.753735   13.753708   13.753682   13.753681   13.753644   13.753606   13.753567   13.753526   13.753484   13.753443   13.753442   13.736234   13.697753   13.638325   13.088957   12.285892   10.499928    8.868237    7.526228    6.449306    5.592896    4.896704
   13.753249   13.753235   13.753213   13.753176   13.753138   13.753098   13.753058   13.753018   13.752977   13.752937   13.752935   13.752879   13.752822   13.752763   13.752704   13.752642   13.752582   13.752580   13.741358   13.719736   13.687547   13.385754   12.899441   11.633689   10.267750    9.006740    7.907976    6.972918    6.189288
   13.752307   13.752287   13.752256   13.752204   13.752151   13.752098   13.752044   13.751988   13.751933   13.751879   13.751877   13.751801   13.751724   13.751647   13.751567   13.751487   13.751408   13.751405   13.742371   13.726940   13.705587   13.511385   13.191454   12.277286   11.173559   10.062107    9.023527    8.092356    7.274159
   13.751052   13.751025   13.750986   13.750919   13.750853   13.750784   13.750715   13.750646   13.750576   13.750507   13.750504   13.750410   13.750314   13.750216   13.750118   13.750018   13.749921   13.749917   13.741958   13.729847   13.713878   13.574667   13.345272   12.660305   11.766890   10.808517    9.862600    8.976110    8.167778
   13.749483   13.749452   13.749403   13.749322   13.749240   13.749158   13.749074   13.748990   13.748905   13.748823   13.748820   13.748706   13.748590   13.748474   13.748356   13.748237   13.748121   13.748116   13.740749   13.730514   13.717411   13.609843   13.436680   12.901233   12.163842   11.339361   10.491422    9.667622    8.892585
   13.747602   13.747563   13.747507   13.747411   13.747314   13.747218   13.747120   13.747022   13.746922   13.746826   13.746821   13.746689   13.746554   13.746418   13.746281   13.746142   13.746008   13.746002   13.738997   13.729879   13.718611   13.630988   13.492201   13.058343   12.436825   11.721100   10.963204   10.206551    9.476175
   13.745406   13.745363   13.745297   13.745188   13.745076   13.744965   13.744853   13.744740   13.744626   13.744515   13.744511   13.744359   13.744205   13.744050   13.743894   13.743735   13.743583   13.743576   13.736835   13.728422   13.718377   13.643679   13.529444   13.163055   12.626027   11.998429   11.318661   10.626383    9.944562
   13.742899   13.742849   13.742776   13.742651   13.742526   13.742400   13.742273   13.742146   13.742017   13.741893   13.741888   13.741716   13.741544   13.741370   13.741194   13.741017   13.740846   13.740839   13.734272   13.726357   13.717164   13.651478   13.554225   13.235906   12.760931   12.201744   11.587776   10.953648   10.319612
   13.740080   13.740025   13.739942   13.739803   13.739664   13.739523   13.739382   13.739240   13.739097   13.738959   13.738954   13.738763   13.738571   13.738378   13.738183   13.737988   13.737798   13.737789   13.731331   13.723814   13.715202   13.656157   13.571065   13.286783   12.857015   12.351067   11.791795   11.209205   10.619700
   13.736949   13.736888   13.736796   13.736644   13.736489   13.736335   13.736179   13.736022   13.735865   13.735713   13.735707   13.735497   13.735287   13.735074   13.734860   13.734645   13.734437   13.734428   13.728045   13.720819   13.712643   13.658621   13.582764   13.320597   12.924428   12.460386   11.946124   11.407663   10.859197
   13.733504   13.733438   13.733338   13.733171   13.733003   13.732833   13.732663   13.732491   13.732320   13.732154   13.732147   13.731918   13.731688   13.731458   13.731224   13.730990   13.730763   13.730754   13.724447   13.717409   13.709593   13.659407   13.590724   13.340653   12.970505   12.539030   12.061878   11.562054   11.050390
   13.729747   13.729674   13.729566   13.729384   13.729201   13.729017   13.728833   13.728647   13.728461   13.728281   13.728274   13.728026   13.727777   13.727527   13.727275   13.727021   13.726776   13.726767   13.720526   13.713622   13.706118   13.658892   13.595822   13.349314   12.999875   12.593353   12.147149   11.680631   11.201487
   13.725676   13.725597   13.725480   13.725284   13.725086   13.724889   13.724689   13.724489   13.724289   13.724095   13.724087   13.723821   13.723553   13.723283   13.723012   13.722739   13.722476   13.722465   13.716269   13.709496   13.702218   13.657356   13.598784   13.348740   13.015773   12.627779   12.207691   11.770199   11.319346
   13.721291   13.721207   13.721081   13.720870   13.720658   13.720446   13.720232   13.720018   13.719803   13.719595   13.719586   13.719301   13.719014   13.718726   13.718436   13.718144   13.717863   13.717852   13.711689   13.705044   13.697923   13.654977   13.600076   13.341228   13.020519   12.645533   12.247909   11.835498   11.410336
   13.716592   13.716502   13.716368   13.716143   13.715917   13.715691   13.715463   13.715234   13.715004   13.714783   13.714774   13.714470   13.714164   13.713857   13.713548   13.713237   13.712937   13.712925   13.706797   13.700247   13.693264   13.651886   13.600017   13.326678   13.014798   12.649033   12.271270   11.880861   11.479018
   13.711580   13.711486   13.711343   13.711103   13.710863   13.710622   13.710380   13.710137   13.709893   13.709659   13.709648   13.709326   13.709001   13.708675   13.708347   13.708018   13.707700   13.707687   13.701589   13.695117   13.688271   13.648186   13.598838   13.304774   12.998201   12.639848   12.280357   11.909570   11.528721
   13.700626   13.700521   13.700360   13.700093   13.699825   13.699556   13.699286   13.699016   13.698744   13.698482   13.698471   13.698112   13.697750   13.697388   13.697023   13.696658   13.696305   13.696291   13.690246   13.683905   13.677220   13.639252   13.593754   13.237493   12.932767   12.590441   12.262638   11.926360   11.581114
   13.688454   13.688336   13.688160   13.687865   13.687570   13.687274   13.686976   13.686678   13.686378   13.686090   13.686077   13.685681   13.685284   13.684884   13.684483   13.684079   13.683691   13.683675   13.677637   13.671315   13.664718   13.628643   13.585762   13.136277   12.824966   12.508617   12.207577   11.900824   11.584551
   13.674990   13.674860   13.674664   13.674339   13.674012   13.673684   13.673355   13.673025   13.672693   13.672375   13.672361   13.671924   13.671485   13.671044   13.670601   13.670156   13.669727   13.669709   13.663633   13.657373   13.650970   13.616405   13.281942   12.997458   12.679927   12.401638   12.124786   11.842685   11.549842
   13.660127   13.659985   13.659773   13.659419   13.659063   13.658708   13.658351   13.657993   13.657636   13.657290   13.657276   13.656805   13.656332   13.655858   13.655382   13.654905   13.654447   13.654428   13.648490   13.642432   13.636250   13.279588   13.129861   12.816656   12.523936   12.274862   12.020360   11.758228 -999.000000
   13.644257   13.644109   13.643886   13.643515   13.643142   13.642768   13.642394   13.642019   13.641644   13.641282   13.641267   13.640773   13.640278   13.639781   13.639283   13.638784   13.638304   13.638284   13.632512   13.626636   13.620573   13.092447   12.925397   12.607454   12.363318   12.134098   11.898351   11.651947 -999.000000
   13.627609   13.627454   13.627222   13.626834   13.626446   13.626056   13.625666   13.193561   13.188213   13.183045   13.182830   13.175890   13.168893   13.161839   13.154727   13.147557   13.140619   13.140329   13.101738   13.063355   13.025144   12.835369   12.658463   12.411503   12.196891   11.982327   11.760407   11.527183 -999.000000
   12.939109   12.936307   12.932090   12.925023   12.917909   12.910747   12.903536   12.896277   12.888970   12.881909   12.881615   12.872252   12.862821   12.853317   12.843742   12.834095   12.824766   12.824378   12.780498   12.737341   12.698483   12.544877   12.425194   12.221991   12.022239   11.820294   11.608156 -999.000000 -999.000000
   12.581957   12.579636   12.576169   12.570428   12.564734   12.559085   12.553479   12.547915   12.542394   12.537129   12.536911   12.530126   12.523402   12.516739   12.510133   12.503583   12.497346   12.497088   12.471686   12.447342   12.423916   12.316909   12.217505   12.028078   11.839927   11.646215 -999.000000 -999.000000 -999.000000
   12.325266   12.323512   12.320882   12.316498   12.312114   12.307731   12.303348   12.298965   12.294583   12.290377   12.290201   12.284779   12.279358   12.273941   12.268526   12.263115   12.257922   12.257707   12.237366   12.217236   12.197308   12.100430   12.007597   11.828893   11.647658 -999.000000 -999.000000 -999.000000 -999.000000
   12.092497   12.090792   12.088236   12.083975   12.079714   12.075454   12.071194   12.066935   12.062675   12.058586   12.058416   12.053181   12.047948   12.042717   12.037489   12.032264   12.027249   12.027041   12.008285   11.989685   11.971237   11.880894   11.792886   11.620773 -999.000000 -999.000000 -999.000000 -999.000000 -999.000000
   11.858576   11.856904   11.854395   11.850211   11.846026   11.841840   11.837651   11.833461   11.829268   11.825242   11.825074   11.819948   11.814821   11.809693   11.804565   11.799437   11.794512   11.794308   11.776573   11.758929   11.741371   11.654818   11.570148 -999.000000 -999.000000 -999.000000 -999.000000 -999.000000 -999.000000
   11.618796   11.617129   11.614629   11.610459   11.606289   11.602117   11.597943   11.593768   11.589592   11.585581   11.585414   11.580338   11.575262   11.570187   11.565109   11.560033   11.555159   11.554956   11.537997 -999.000000 -999.000000 -999.000000 -999.000000 -999.000000 -999.000000 -999.000000 -999.000000 -999.000000 -999.000000
#
# dtdh (rows - delta, columns - depth)
#
 -999.000000 -999.000000 -999.000000 -999.000000 -999.000000 -999.000000 -999.000000 -999.000000 -999.000000 -999.000000 -999.000000 -999.000000 -999.000000 -999.000000 -999.000000 -999.000000 -999.000000    0.124378    0.124369    0.124360    0.124351    0.124305    0.124260    0.122954    0.120891    0.118405    0.115900    0.113496    0.111197
 -999.000000 -999.000000 -999.000000 -999.000000 -999.000000 -999.000000 -999.000000 -999.000000 -999.000000 -999.000000 -999.000000 -999.000000 -999.000000 -999.000000 -999.000000 -999.000000 -999.000000    0.123612    0.123850    0.123982    0.124054    0.124195    0.124201    0.122929    0.120878    0.118396    0.115894    0.113491    0.111194
 -999.000000 -999.000000 -999.000000 -999.000000 -999.000000 -999.000000 -999.000000 -999.000000 -999.000000 -999.000000 -999.000000 -999.000000 -999.000000 -999.000000 -999.000000 -999.000000 -999.000000    0.121487    0.122377    0.122898    0.123201    0.123868    0.124026    0.122855    0.120836    0.118370    0.115876    0.113478    0.111184
 -999.000000 -999.000000 -999.000000 -999.000000 -999.000000 -999.000000 -999.000000 -999.000000 -999.000000 -999.000000 -999.000000 -999.000000 -999.000000 -999.000000 -999.000000 -999.000000 -999.000000    0.113976    0.116996    0.118848    0.120024    0.122600    0.123344    0.122561    0.120673    0.118266    0.115804    0.113425    0.111143
 -999.000000 -999.000000 -999.000000 -999.000000 -999.000000 -999.000000 -999.000000 -999.000000 -999.000000 -999.000000 -999.000000 -999.000000 -999.000000 -999.000000 -999.000000 -999.000000 -999.000000    0.072899    0.087057    0.095478    0.101404    0.114407    0.118871    0.120605    0.119575    0.117561    0.115313    0.113064    0.110866
 -999.000000 -999.000000 -999.000000 -999.000000 -999.000000 -999.000000 -999.000000 -999.000000 -999.000000 -999.000000 -999.000000 -999.000000   -0.090815   -0.090748   -0.090681   -0.090614   -0.090550   -0.000152    0.034394    0.051424    0.063265    0.093128    0.105559    0.114173    0.115893    0.115172    0.113637    0.111824    0.109912
   -0.120109   -0.120089   -0.120059   -0.120009   -0.119958   -0.119908   -0.119858   -0.119807   -0.119757   -0.119708   -0.090949   -0.090883   -0.090816   -0.090749   -0.090682   -0.090615   -0.090551   -0.000447    0.014162    0.027006    0.037820    0.072097    0.089804    0.105174    0.110246    0.111416    0.110982    0.109848    0.108384
   -0.120109   -0.120089   -0.120059   -0.120009   -0.119959   -0.119909   -0.119859   -0.119808   -0.119758   -0.119709   -0.090950   -0.090884   -0.090817   -0.090751   -0.090684   -0.090617   -0.090553   -0.000743    0.007977    0.016735    0.024654    0.055656    0.075230    0.095133    0.103448    0.106566    0.107438    0.107196    0.106327
   -0.120112   -0.120092   -0.120062   -0.120012   -0.119962   -0.119912   -0.119862   -0.119812   -0.119762   -0.119713   -0.090956   -0.090890   -0.090823   -0.090757   -0.090690   -0.090623   -0.090559   -0.001336    0.003718    0.008586    0.013438    0.035548    0.053293    0.075934    0.088516    0.095166    0.098631    0.100243    0.100782
   -0.120118   -0.120098   -0.120068   -0.120018   -0.119969   -0.119919   -0.119869   -0.119819   -0.119769   -0.119720   -0.090965   -0.090899   -0.090833   -0.090767   -0.090700   -0.090634   -0.090570   -0.001930    0.001514    0.004928    0.008371    0.024757    0.039372    0.060310    0.074340    0.083138    0.088673    0.092078    0.094008
   -0.120127   -0.120107   -0.120077   -0.120027   -0.119978   -0.119928   -0.119878   -0.119828   -0.119778   -0.119730   -0.090978   -0.090912   -0.090846   -0.090780   -0.090714   -0.090648   -0.090585   -0.002523    0.000117    0.002839    0.005428    0.018251    0.030235    0.048290    0.062066    0.071754    0.078616    0.083374    0.086560
   -0.120138   -0.120118   -0.120089   -0.120039   -0.119990   -0.119940   -0.119891   -0.119841   -0.119791   -0.119743   -0.090995   -0.090929   -0.090864   -0.090798   -0.090732   -0.090666   -0.090603   -0.003116   -0.000971    0.001231    0.003285    0.013825    0.023946    0.039009    0.051757    0.061512    0.069058    0.074735    0.078880
   -0.120153   -0.120133   -0.120104   -0.120054   -0.120005   -0.119955   -0.119906   -0.119856   -0.119807   -0.119759   -0.091016   -0.090950   -0.090885   -0.090820   -0.090754   -0.090689   -0.090625   -0.003710   -0.001914   -0.000116    0.001681    0.010580    0.019211    0.031612    0.043126    0.052474    0.060242    0.066467    0.071299
   -0.120170   -0.120151   -0.120121   -0.120072   -0.120023   -0.119973   -0.119924   -0.119875   -0.119825   -0.119778   -0.091040   -0.090975   -0.090910   -0.090845   -0.090780   -0.090714   -0.090652   -0.004303   -0.002758   -0.001201    0.000345    0.008015    0.015629    0.025560    0.035790    0.044522    0.052225    0.058719    0.064004
   -0.120190   -0.120171   -0.120142   -0.120093   -0.120043   -0.119994   -0.119945   -0.119896   -0.119847   -0.119799   -0.091069   -0.091004   -0.090939   -0.090874   -0.090809   -0.090744   -0.090682   -0.004896   -0.003532   -0.002174   -0.000804    0.005964    0.012659    0.020504    0.029533    0.037495    0.044967    0.051536    0.057087
   -0.120214   -0.120194   -0.120165   -0.120116   -0.120067   -0.120018   -0.119969   -0.119920   -0.119871   -0.119824   -0.091101   -0.091036   -0.090972   -0.090907   -0.090843   -0.090778   -0.090716   -0.005488   -0.004271   -0.003062   -0.001839    0.004235    0.010209    0.016040    0.024020    0.031221    0.038380    0.044905    0.050588
   -0.120240   -0.120220   -0.120191   -0.120142   -0.120094   -0.120045   -0.119996   -0.119947   -0.119898   -0.119851   -0.091137   -0.091073   -0.091009   -0.090944   -0.090880   -0.090815   -0.090753   -0.006080   -0.004986   -0.003886   -0.002793    0.002712    0.008129    0.011951    0.019098    0.025564    0.032375    0.038775    0.044503
   -0.120269   -0.120249   -0.120220   -0.120172   -0.120123   -0.120075   -0.120026   -0.119977   -0.119928   -0.119881   -0.091177   -0.091113   -0.091049   -0.090985   -0.090921   -0.090857   -0.090795   -0.006673   -0.005678   -0.004674   -0.003684    0.001336    0.006290    0.008155    0.014660    0.020392    0.026867    0.033122    0.038819
   -0.120300   -0.120281   -0.120252   -0.120204   -0.120155   -0.120107   -0.120058   -0.120010   -0.119961   -0.119914   -0.091220   -0.091157   -0.091093   -0.091029   -0.090966   -0.090902   -0.090840   -0.007265   -0.006351   -0.005433   -0.004521    0.000070    0.004638    0.004599    0.010586    0.015607    0.021779    0.027856    0.033484
   -0.120335   -0.120316   -0.120287   -0.120239   -0.120191   -0.120142   -0.120094   -0.120046   -0.119997   -0.119951   -0.091268   -0.091204   -0.091141   -0.091078   -0.091014   -0.090951   -0.090890   -0.007857   -0.007011   -0.006168   -0.005317   -0.001081    0.003153    0.001243    0.006805    0.011134    0.017043    0.022943    0.028488
   -0.120373   -0.120354   -0.120325   -0.120277   -0.120229   -0.120181   -0.120132   -0.120084   -0.120036   -0.119989   -0.091319   -0.091256   -0.091193   -0.091130   -0.091067   -0.091004   -0.090943   -0.008449   -0.007663   -0.006879   -0.006087   -0.002155    0.001793   -0.001686    0.003265    0.006920    0.012615    0.018335    0.023816
   -0.120413   -0.120394   -0.120365   -0.120318   -0.120270   -0.120222   -0.120174   -0.120126   -0.120078   -0.120031   -0.091374   -0.091311   -0.091249   -0.091186   -0.091123   -0.091060   -0.091000   -0.009041   -0.008307   -0.007572   -0.006835   -0.003166    0.000532   -0.004456   -0.000081    0.002927    0.008457    0.014021    0.019410
   -0.120456   -0.120437   -0.120409   -0.120361   -0.120314   -0.120266   -0.120218   -0.120170   -0.120122   -0.120076   -0.091433   -0.091370   -0.091308   -0.091246   -0.091183   -0.091120   -0.091060   -0.009633   -0.008944   -0.008254   -0.007563   -0.004125   -0.000647   -0.007264   -0.003584   -0.000900    0.004528    0.009958    0.015232
   -0.120503   -0.120484   -0.120455   -0.120408   -0.120360   -0.120313   -0.120265   -0.120217   -0.120170   -0.120124   -0.091495   -0.091433   -0.091371   -0.091309   -0.091247   -0.091185   -0.091125   -0.010224   -0.009575   -0.008925   -0.008273   -0.005038   -0.001759   -0.010112   -0.007076   -0.004600    0.000796    0.006109    0.011257
   -0.120603   -0.120584   -0.120556   -0.120509   -0.120462   -0.120415   -0.120368   -0.120320   -0.120273   -0.120227   -0.091631   -0.091570   -0.091509   -0.091447   -0.091386   -0.091324   -0.091265   -0.011405   -0.010823   -0.010239   -0.009658   -0.006751   -0.003825   -0.015929   -0.014012   -0.011419   -0.006274   -0.001039    0.003902
   -0.120715   -0.120696   -0.120668   -0.120622   -0.120575   -0.120528   -0.120481   -0.120434   -0.120387   -0.120342   -0.091782   -0.091721   -0.091661   -0.091600   -0.091539   -0.091478   -0.091419   -0.012582   -0.012058   -0.011536   -0.011017   -0.008338   -0.005724   -0.021913   -0.020873   -0.017616   -0.012624   -0.007495   -0.002809
   -0.120838   -0.120820   -0.120792   -0.120746   -0.120700   -0.120653   -0.120607   -0.120560   -0.120514   -0.120469   -0.091948   -0.091888   -0.091828   -0.091768   -0.091708   -0.091648   -0.091590   -0.013768   -0.013295   -0.012819   -0.012338   -0.009856   -0.026724   -0.028069   -0.027470   -0.023320   -0.018407   -0.013460   -0.009046
   -0.120974   -0.120956   -0.120928   -0.120883   -0.120837   -0.120791   -0.120745   -0.120699   -0.120653   -0.120608   -0.092130   -0.092071   -0.092012   -0.091953   -0.091893   -0.091833   -0.091776   -0.014957   -0.014513   -0.014064   -0.013610   -0.029110   -0.032396   -0.034406   -0.033068   -0.028599   -0.023736   -0.019018 -999.000000
   -0.121119   -0.121101   -0.121074   -0.121028   -0.120982   -0.120937   -0.120891   -0.120845   -0.120800   -0.120756   -0.092323   -0.092265   -0.092206   -0.092147   -0.092088   -0.092029   -0.091972   -0.016116   -0.015695   -0.015269   -0.014844   -0.035441   -0.038655   -0.040435   -0.037922   -0.033451   -0.028693   -0.024228 -999.000000
   -0.121271   -0.121252   -0.121225   -0.121180   -0.121135   -0.121090   -0.121044   -0.124826   -0.124827   -0.124829   -0.097593   -0.097612   -0.097632   -0.097653   -0.097674   -0.097696   -0.097717   -0.036744   -0.037530   -0.038294   -0.039037   -0.042522   -0.045435   -0.045286   -0.042314   -0.037943   -0.033377   -0.029135 -999.000000
   -0.127224   -0.127230   -0.127240   -0.127256   -0.127273   -0.127290   -0.127308   -0.127326   -0.127344   -0.127362   -0.100814   -0.100858   -0.100904   -0.100950   -0.100997   -0.101044   -0.101091   -0.044955   -0.045711   -0.046437   -0.047056   -0.049180   -0.050525   -0.049465   -0.046423   -0.042162   -0.037827 -999.000000 -999.000000
   -0.130089   -0.130091   -0.130095   -0.130102   -0.130108   -0.130113   -0.130118   -0.130123   -0.130128   -0.130132   -0.104291   -0.104309   -0.104326   -0.104343   -0.104360   -0.104375   -0.104390   -0.051949   -0.052232   -0.052493   -0.052736   -0.053741   -0.054589   -0.053345   -0.050300   -0.046212 -999.000000 -999.000000 -999.000000
   -0.132061   -0.132060   -0.132058   -0.132054   -0.132051   -0.132048   -0.132044   -0.132041   -0.132037   -0.132034   -0.106654   -0.106659   -0.106665   -0.106670   -0.106676   -0.106681   -0.106686   -0.056420   -0.056590   -0.056755   -0.056916   -0.057670   -0.058348   -0.056998   -0.054032 -999.000000 -999.000000 -999.000000 -999.000000
   -0.133790   -0.133789   -0.133787   -0.133783   -0.133780   -0.133776   -0.133773   -0.133769   -0.133765   -0.133762   -0.108786   -0.108790   -0.108795   -0.108799   -0.108803   -0.108808   -0.108812   -0.060343   -0.060476   -0.060605   -0.060732   -0.061334   -0.061896   -0.060521 -999.000000 -999.000000 -999.000000 -999.000000 -999.000000
   -0.135473   -0.135472   -0.135470   -0.135467   -0.135463   -0.135460   -0.135457   -0.135453   -0.135450   -0.135447   -0.110851   -0.110855   -0.110859   -0.110863   -0.110867   -0.110872   -0.110876   -0.063990   -0.064099   -0.064207   -0.064313   -0.064827   -0.065311 -999.000000 -999.000000 -999.000000 -999.000000 -999.000000 -999.000000
   -0.137143   -0.137142   -0.137141   -0.137138   -0.137135   -0.137133   -0.137130   -0.137127   -0.137125   -0.137122   -0.112892   -0.112896   -0.112901   -0.112905   -0.112909   -0.112913   -0.112918   -0.067466   -0.067559 -999.000000 -999.000000 -999.000000 -999.000000 -999.000000 -999.000000 -999.000000 -999.000000 -999.000000 -999.000000
#
# ak135 travel-time table for Pn
#
