#
# iasp91 travel-time table for Pb
#
# number of distance and depth samples
23 17
# delta samples
0.000 0.025 0.050 0.100 0.250 0.500 0.750 1.000 1.500 2.000 2.500 3.000 3.500 4.000 4.500 5.000 5.500 6.000 6.500 7.000 7.500 8.000 8.500 
# depth samples
    0.000000    1.000000    2.500000    5.000000    7.500000   10.000000   12.500000   15.000000   17.500000   19.900000   20.000000   22.500000   25.000000   27.500000   30.000000   32.500000   34.900000
#
# travel times (rows - delta, columns - depth)
#
 -999.000000 -999.000000 -999.000000 -999.000000 -999.000000 -999.000000 -999.000000 -999.000000 -999.000000 -999.000000    3.448246    3.832888    4.217503    4.602118    4.986734    5.371349    5.740580
 -999.000000 -999.000000 -999.000000 -999.000000 -999.000000 -999.000000 -999.000000 -999.000000 -999.000000 -999.000000    3.486414    3.866664    4.248905    4.625590    5.007945    5.390697    5.758362
 -999.000000 -999.000000 -999.000000 -999.000000 -999.000000 -999.000000 -999.000000 -999.000000 -999.000000 -999.000000    3.591909    3.960726    4.335954    4.694539    5.070500    5.447912    5.811094
 -999.000000 -999.000000 -999.000000 -999.000000 -999.000000 -999.000000 -999.000000 -999.000000 -999.000000 -999.000000    3.962799    4.295248    4.644423    4.959754    5.312887    5.670720    6.017529
 -999.000000 -999.000000 -999.000000 -999.000000 -999.000000 -999.000000 -999.000000 -999.000000 -999.000000 -999.000000    5.885422    6.073802    6.291975    6.533129    6.793633    7.067686    7.341404
 -999.000000 -999.000000 -999.000000 -999.000000 -999.000000 -999.000000   10.677817   10.482491   10.287462   10.100515   10.092745   10.125213   10.206421   10.306276   10.417000   10.541456   10.690303
   15.922189   15.843432   15.725386   15.528876   15.332662   15.136741   14.941116   14.745787   14.550756   14.363805   14.356033   14.365509   14.402005   14.467448   14.550297   14.644158   14.740672
   20.185486   20.106728   19.988680   19.792168   19.595947   19.400023   19.204393   19.009058   18.814020   18.627062   18.619291   18.624104   18.640862   18.679945   18.739977   18.815290   18.897194
   28.711987   28.633224   28.515165   28.318636   28.122398   27.926453   27.730801   27.535444   27.340382   27.153400   27.145628   27.145611   27.153109   27.167894   27.193260   27.236053   27.290895
   37.238232   37.159458   37.041382   36.844818   36.648548   36.452568   36.256882   36.061485   35.866386   35.679367   35.671593   35.668697   35.671097   35.678684   35.691345   35.711170   35.743191
   45.764057   45.685265   45.567162   45.370552   45.174236   44.978207   44.782471   44.587025   44.391869   44.204800   44.197021   44.191845   44.190685   44.193577   44.200455   44.211136   44.226936
   54.289299   54.210480   54.092342   53.895676   53.699295   53.503204   53.307404   53.111893   52.916672   52.729534   52.721756   52.714535   52.710533   52.709835   52.712410   52.718159   52.726681
   62.813793   62.734947   62.616764   62.420025   62.223568   62.027401   61.831520   61.635929   61.440624   61.253407   61.245628   61.236477   61.230007   61.226330   61.225407   61.227222   61.231495
   71.337379   71.258499   71.140266   70.943436   70.746887   70.550629   70.354660   70.158974   69.963570   69.776260   69.768478   69.757439   69.748756   69.742447   69.738525   69.736969   69.737709
   79.859901   79.780975   79.662682   79.465752   79.269096   79.072731   78.876656   78.680855   78.485352   78.297928   78.290138   78.277260   78.266502   78.257790   78.251190   78.246658   78.244286
   88.381180   88.302216   88.183853   87.986801   87.790031   87.593544   87.397346   87.201424   87.005791   86.818253   86.810455   86.795784   86.783012   86.772057   86.763008   86.755775 -999.000000
   96.901070   96.822052   96.703606   96.506424   96.309525   96.112907   95.916573   95.720512   95.524742   95.337067   95.329269   95.312828   95.298088   95.285019   95.273651   95.263924 -999.000000
  105.419403  105.340324  105.221794  105.024467  104.827423  104.630653  104.434166  104.237961  104.042038  103.854210  103.846405  103.828217  103.811562  103.796455  103.782867 -999.000000 -999.000000
  113.936012  113.856873  113.738251  113.540764  113.343552  113.146622  112.949974  112.753601  112.557510  112.369522  112.361710  112.341782  112.323265  112.306160  112.290451 -999.000000 -999.000000
  122.450737  122.371529  122.252800  122.055145  121.857758  121.660652  121.463821  121.267273  121.070999  120.882835  120.875015  120.853363  120.833000  120.813950 -999.000000 -999.000000 -999.000000
  130.963409  130.884140  130.765289  130.567444  130.369873  130.172577  129.975555  129.778809  129.582336  129.393997  129.386169  129.362778  129.340607 -999.000000 -999.000000 -999.000000 -999.000000
  139.473877  139.394516  139.275558  139.077515  138.879745  138.682236  138.485016  138.288055  138.091370  137.902817  137.894989 -999.000000 -999.000000 -999.000000 -999.000000 -999.000000 -999.000000
  147.981979  147.902527  147.783447 -999.000000 -999.000000 -999.000000 -999.000000 -999.000000 -999.000000 -999.000000 -999.000000 -999.000000 -999.000000 -999.000000 -999.000000 -999.000000 -999.000000
#
# dtdd (rows - delta, columns - depth)
#
 -999.000000 -999.000000 -999.000000 -999.000000 -999.000000 -999.000000 -999.000000 -999.000000 -999.000000 -999.000000    0.007473    0.006573    0.006142    0.004369    0.003937    0.003584    0.003287
 -999.000000 -999.000000 -999.000000 -999.000000 -999.000000 -999.000000 -999.000000 -999.000000 -999.000000 -999.000000    2.957015    2.624659    2.434980    1.863211    1.686222    1.539650    1.416487
 -999.000000 -999.000000 -999.000000 -999.000000 -999.000000 -999.000000 -999.000000 -999.000000 -999.000000 -999.000000    5.409327    4.840372    4.472095    3.637611    3.307075    3.028940    2.795742
 -999.000000 -999.000000 -999.000000 -999.000000 -999.000000 -999.000000 -999.000000 -999.000000 -999.000000 -999.000000    9.215981    8.365565    7.708287    6.907567    6.340726    5.846355    5.433821
 -999.000000 -999.000000 -999.000000 -999.000000 -999.000000 -999.000000 -999.000000 -999.000000 -999.000000 -999.000000   15.515061   14.488942   13.523989   12.955967   12.362701   11.854470   11.415112
 -999.000000 -999.000000 -999.000000 -999.000000 -999.000000 -999.000000   17.053209   17.053207   17.053202   17.053196   17.053194   16.836336   16.617092   16.453707   16.291183   15.732670   15.034991
   17.053207   17.053205   17.053204   17.053198   17.053188   17.053177   17.053164   17.053148   17.053129   17.053108   17.053106   17.025049   16.897192   16.774757   16.677572   16.600258   16.539289
   17.053152   17.053146   17.053135   17.053114   17.053091   17.053066   17.053038   17.053007   17.052975   17.052940   17.052938   17.039192   16.970098   16.910379   16.825148   16.753618   16.696701
   17.052801   17.052782   17.052755   17.052706   17.052654   17.052601   17.052544   17.052485   17.052422   17.052359   17.052357   17.045382   17.032669   17.013229   16.966328   16.909050   16.858435
   17.052124   17.052094   17.052050   17.051971   17.051891   17.051809   17.051723   17.051634   17.051542   17.051453   17.051449   17.046492   17.038214   17.027103   17.012978   16.982409   16.942371
   17.051121   17.051079   17.051018   17.050911   17.050802   17.050692   17.050577   17.050459   17.050339   17.050220   17.050217   17.045956   17.039730   17.031668   17.021929   17.010288   16.987705
   17.049791   17.049740   17.049660   17.049526   17.049389   17.049248   17.049105   17.048958   17.048809   17.048664   17.048658   17.044716   17.039465   17.033016   17.025343   17.016729   17.006897
   17.048138   17.048075   17.047977   17.047815   17.047649   17.047480   17.047308   17.047134   17.046955   17.046783   17.046776   17.042971   17.038328   17.032770   17.026346   17.019115   17.011522
   17.046160   17.046083   17.045971   17.045778   17.045584   17.045387   17.045187   17.044985   17.044777   17.044577   17.044569   17.040838   17.036581   17.031569   17.025942   17.019638   17.013029
   17.043856   17.043768   17.043638   17.043419   17.043196   17.042971   17.042742   17.042509   17.042274   17.042046   17.042036   17.038399   17.034323   17.029694   17.024603   17.018955   17.013077
   17.041227   17.041128   17.040981   17.040733   17.040482   17.040228   17.039970   17.039711   17.039448   17.039192   17.039181   17.035625   17.031643   17.027308   17.022554   17.017378 -999.000000
   17.038273   17.038164   17.038000   17.037724   17.037445   17.037163   17.036877   17.036589   17.036297   17.036013   17.036001   17.032492   17.028605   17.024471   17.019941   17.015120 -999.000000
   17.034994   17.034874   17.034693   17.034388   17.034081   17.033770   17.033457   17.033140   17.032820   17.032509   17.032495   17.029013   17.025236   17.021204   17.016865 -999.000000 -999.000000
   17.031389   17.031258   17.031059   17.030727   17.030392   17.030052   17.029711   17.029366   17.029016   17.028679   17.028664   17.025200   17.021500   17.017553   17.013397 -999.000000 -999.000000
   17.027458   17.027315   17.027102   17.026741   17.026377   17.026009   17.025639   17.025265   17.024889   17.024523   17.024508   17.021053   17.017408   17.013556 -999.000000 -999.000000 -999.000000
   17.023201   17.023046   17.022816   17.022427   17.022036   17.021641   17.021242   17.020840   17.020435   17.020042   17.020027   17.016582   17.012980 -999.000000 -999.000000 -999.000000 -999.000000
   17.018618   17.018454   17.018206   17.017788   17.017368   17.016945   17.016520   17.016090   17.015656   17.015238   17.015221 -999.000000 -999.000000 -999.000000 -999.000000 -999.000000 -999.000000
   17.013708   17.013533   17.013268 -999.000000 -999.000000 -999.000000 -999.000000 -999.000000 -999.000000 -999.000000 -999.000000 -999.000000 -999.000000 -999.000000 -999.000000 -999.000000 -999.000000
#
# dtdh (rows - delta, columns - depth)
#
 -999.000000 -999.000000 -999.000000 -999.000000 -999.000000 -999.000000 -999.000000 -999.000000 -999.000000 -999.000000    0.153846    0.153846    0.153846    0.153846    0.153846    0.153846    0.153846
 -999.000000 -999.000000 -999.000000 -999.000000 -999.000000 -999.000000 -999.000000 -999.000000 -999.000000 -999.000000    0.151516    0.152012    0.152267    0.152923    0.153090    0.153215    0.153312
 -999.000000 -999.000000 -999.000000 -999.000000 -999.000000 -999.000000 -999.000000 -999.000000 -999.000000 -999.000000    0.145901    0.147514    0.148453    0.150297    0.150916    0.151390    0.151755
 -999.000000 -999.000000 -999.000000 -999.000000 -999.000000 -999.000000 -999.000000 -999.000000 -999.000000 -999.000000    0.129445    0.134046    0.137205    0.140627    0.142780    0.144485    0.145788
 -999.000000 -999.000000 -999.000000 -999.000000 -999.000000 -999.000000 -999.000000 -999.000000 -999.000000 -999.000000    0.063852    0.081052    0.093592    0.099874    0.105784    0.110391    0.114076
 -999.000000 -999.000000 -999.000000 -999.000000 -999.000000 -999.000000   -0.078190   -0.078071   -0.077952   -0.077837   -0.000196    0.024083    0.034054    0.039784    0.044719    0.058687    0.072001
   -0.078780   -0.078733   -0.078662   -0.078545   -0.078427   -0.078309   -0.078191   -0.078072   -0.077953   -0.077839   -0.000531    0.007715    0.019861    0.026692    0.030980    0.033942    0.036059
   -0.078781   -0.078734   -0.078664   -0.078546   -0.078429   -0.078311   -0.078193   -0.078075   -0.077956   -0.077842   -0.000866    0.004503    0.013899    0.018432    0.023582    0.027095    0.029537
   -0.078787   -0.078740   -0.078670   -0.078554   -0.078437   -0.078319   -0.078202   -0.078084   -0.077966   -0.077852   -0.001537    0.001759    0.004445    0.007423    0.012908    0.017510    0.020704
   -0.078799   -0.078752   -0.078683   -0.078567   -0.078450   -0.078333   -0.078216   -0.078099   -0.077982   -0.077868   -0.002210   -0.000097    0.002087    0.004071    0.006098    0.010171    0.014024
   -0.078816   -0.078770   -0.078701   -0.078585   -0.078469   -0.078353   -0.078237   -0.078120   -0.078003   -0.077890   -0.002882   -0.001225    0.000377    0.001974    0.003509    0.005101    0.008419
   -0.078839   -0.078794   -0.078725   -0.078610   -0.078494   -0.078379   -0.078263   -0.078147   -0.078030   -0.077918   -0.003554   -0.002223   -0.000938    0.000384    0.001680    0.002848    0.004188
   -0.078868   -0.078823   -0.078754   -0.078640   -0.078525   -0.078410   -0.078294   -0.078179   -0.078063   -0.077952   -0.004225   -0.003129   -0.002009   -0.000914    0.000183    0.001213    0.002161
   -0.078903   -0.078858   -0.078789   -0.078675   -0.078561   -0.078447   -0.078332   -0.078217   -0.078102   -0.077991   -0.004897   -0.003963   -0.002982   -0.002043   -0.001076   -0.000144    0.000691
   -0.078943   -0.078898   -0.078830   -0.078717   -0.078603   -0.078489   -0.078375   -0.078261   -0.078146   -0.078036   -0.005568   -0.004741   -0.003894   -0.003063   -0.002208   -0.001385   -0.000588
   -0.078989   -0.078944   -0.078877   -0.078764   -0.078651   -0.078538   -0.078424   -0.078310   -0.078196   -0.078087   -0.006239   -0.005493   -0.004754   -0.004001   -0.003251   -0.002511 -999.000000
   -0.079041   -0.078996   -0.078929   -0.078817   -0.078704   -0.078591   -0.078479   -0.078365   -0.078252   -0.078143   -0.006909   -0.006235   -0.005571   -0.004888   -0.004223   -0.003547 -999.000000
   -0.079098   -0.079053   -0.078986   -0.078875   -0.078763   -0.078651   -0.078539   -0.078426   -0.078314   -0.078205   -0.007580   -0.006966   -0.006355   -0.005741   -0.005137 -999.000000 -999.000000
   -0.079161   -0.079116   -0.079050   -0.078939   -0.078828   -0.078716   -0.078605   -0.078493   -0.078381   -0.078273   -0.008251   -0.007688   -0.007125   -0.006565   -0.006001 -999.000000 -999.000000
   -0.079229   -0.079185   -0.079119   -0.079009   -0.078898   -0.078787   -0.078676   -0.078565   -0.078454   -0.078347   -0.008922   -0.008402   -0.007881   -0.007362 -999.000000 -999.000000 -999.000000
   -0.079303   -0.079259   -0.079193   -0.079084   -0.078974   -0.078864   -0.078754   -0.078643   -0.078532   -0.078426   -0.009593   -0.009110   -0.008626 -999.000000 -999.000000 -999.000000 -999.000000
   -0.079382   -0.079339   -0.079274   -0.079165   -0.079055   -0.078946   -0.078836   -0.078727   -0.078616   -0.078511   -0.010263 -999.000000 -999.000000 -999.000000 -999.000000 -999.000000 -999.000000
   -0.079467   -0.079424   -0.079359 -999.000000 -999.000000 -999.000000 -999.000000 -999.000000 -999.000000 -999.000000 -999.000000 -999.000000 -999.000000 -999.000000 -999.000000 -999.000000 -999.000000
#
# iasp91 travel-time table for Pb
#
