#
# iasp91 travel-time table for Pn
#
# number of distance and depth samples
36 29
# delta samples
0.000 0.025 0.050 0.100 0.250 0.500 0.750 1.000 1.500 2.000 2.500 3.000 3.500 4.000 4.500 5.000 5.500 6.000 6.500 7.000 7.500 8.000 8.500 9.000 10.000 
11.000 12.000 13.000 14.000 15.000 16.000 17.000 18.000 19.000 20.000 21.000 
# depth samples
    0.000000    1.000000    2.500000    5.000000    7.500000   10.000000   12.500000   15.000000   17.500000   19.900000   20.000000   22.500000   25.000000   27.500000   30.000000   32.500000   34.900000   35.000000   40.000000   45.000000   50.000000   75.000000  100.000000  150.000000  200.000000  250.000000  300.000000  350.000000  400.000000
#
# travel times (rows - delta, columns - depth)
#
 -999.000000 -999.000000 -999.000000 -999.000000 -999.000000 -999.000000 -999.000000 -999.000000 -999.000000 -999.000000 -999.000000 -999.000000 -999.000000 -999.000000 -999.000000 -999.000000 -999.000000    5.755904    6.377821    6.999643    7.621420   10.729622   13.836688   20.028629   26.124481   32.108879   37.965965   43.700481   49.317467
 -999.000000 -999.000000 -999.000000 -999.000000 -999.000000 -999.000000 -999.000000 -999.000000 -999.000000 -999.000000 -999.000000 -999.000000 -999.000000 -999.000000 -999.000000 -999.000000 -999.000000    5.775164    6.393622    7.013079    7.633326   10.736849   13.841948   20.032007   26.126951   32.110809   37.967541   43.701801   49.318600
 -999.000000 -999.000000 -999.000000 -999.000000 -999.000000 -999.000000 -999.000000 -999.000000 -999.000000 -999.000000 -999.000000 -999.000000 -999.000000 -999.000000 -999.000000 -999.000000 -999.000000    5.831273    6.440039    7.052751    7.668486   10.758389   13.857641   20.042109   26.134335   32.116589   37.972256   43.705765   49.321995
 -999.000000 -999.000000 -999.000000 -999.000000 -999.000000 -999.000000 -999.000000 -999.000000 -999.000000 -999.000000 -999.000000 -999.000000 -999.000000 -999.000000 -999.000000 -999.000000 -999.000000    6.044228    6.618787    7.206931    7.805224   10.843536   13.919812   20.082249   26.163731   32.139614   37.991055   43.721558   49.335548
 -999.000000 -999.000000 -999.000000 -999.000000 -999.000000 -999.000000 -999.000000 -999.000000 -999.000000 -999.000000 -999.000000 -999.000000 -999.000000 -999.000000 -999.000000 -999.000000 -999.000000    7.324605    7.734159    8.193856    8.686150   11.418750   14.343051   20.358074   26.366673   32.299015   38.121441   43.831245   49.429737
 -999.000000 -999.000000 -999.000000 -999.000000 -999.000000 -999.000000 -999.000000 -999.000000 -999.000000 -999.000000 -999.000000 -999.000000   11.543237   11.316281   11.089494   10.862875   10.645478   10.636458   10.731916   10.947240   11.236171   13.254014   15.756806   21.307560   27.072138   32.856197   38.578854   44.217014   49.761623
   17.834360   17.714262   17.534151   17.234066   16.934107   16.634274   16.334566   16.034985   15.735530   15.448171   15.436220   15.208915   14.981791   14.754836   14.528047   14.301425   14.084026   14.075006   14.109490   14.213065   14.375580   15.802629   17.848251   22.800367   28.207405   33.760090   39.324383   44.847816   50.305611
   21.272915   21.152817   20.972704   20.672619   20.372660   20.072824   19.773115   19.473532   19.174074   18.886713   18.874763   18.647453   18.420328   18.193367   17.966574   17.739948   17.522545   17.513525   17.532152   17.594446   17.698494   18.734888   20.389416   24.730757   29.722296   34.987782   40.343788   45.713428   51.054016
   28.149946   28.029844   27.849728   27.549635   27.249666   26.949823   26.650105   26.350512   26.051044   25.763674   25.751724   25.524401   25.297260   25.070286   24.843477   24.616835   24.399416   24.390394   24.396168   24.426678   24.481716   25.102278   26.221794   29.519892   33.659245   38.270679   43.125393   48.103146   53.132332
   35.026741   34.906631   34.726509   34.426399   34.126415   33.826557   33.526821   33.227211   32.927727   32.640343   32.628391   32.401043   32.173882   31.946880   31.720047   31.493380   31.275934   31.266912   31.265888   31.282240   31.315586   31.732580   32.538410   35.080769   38.468403   42.424179   46.730034   51.255951   55.913303
   41.903141   41.783024   41.602886   41.302757   41.002750   40.702869   40.403111   40.103477   39.803970   39.516560   39.504604   39.277229   39.050030   38.822994   38.596127   38.369423   38.151943   38.142921   38.136906   38.144173   38.164444   38.460884   39.069157   41.072891   43.845062   47.206532   50.975708   55.033234   59.287098
   48.778996   48.658867   48.478710   48.178551   47.878513   47.578602   47.278812   46.979149   46.679607   46.392170   46.380215   46.152794   45.925552   45.698475   45.471561   45.244812   45.027290   45.018265   45.008026   45.008488   45.019604   45.234119   45.707035   47.315384   49.590237   52.434864   55.707195   59.309238   63.155411
   55.654140   55.534000   55.353821   55.053623   54.753551   54.453602   54.153774   53.854073   53.554493   53.267014   53.255058   53.027584   52.800293   52.573162   52.346195   52.119389   51.901814   51.892788   51.878731   51.873650   51.877552   52.031048   52.404514   53.710178   55.579357   57.979305   60.803268   63.977314   67.426964
   62.528427   62.408268   62.228062   61.927822   61.627705   61.327709   61.027836   60.728088   60.428463   60.140942   60.128983   59.901447   59.674091   59.446899   59.219868   58.993000   58.775360   58.766331   58.748688   58.738789   58.736629   58.841686   59.137737   60.202862   61.733646   63.749557   66.172523   68.951462   72.024513
   69.401695   69.281509   69.101280   68.800987   68.500816   68.200768   67.900841   67.601044   67.301361   67.013786   67.001831   66.774223   66.546799   66.319527   66.092422   65.865479   65.647774   65.638741   65.617661   65.603394   65.595924   65.660614   65.893730   66.759865   68.002121   69.683060   71.747215   74.164047   76.884041
   76.273781   76.153580   75.973312   75.672958   75.372726   75.072624   74.772636   74.472778   74.173035   73.885406   73.873444   73.645760   73.418243   73.190895   72.963707   72.736687   72.518890   72.509857   72.485451   72.467110   72.454849   72.484558   72.665070   73.360657   74.350716   75.735695   77.476883   79.562424   81.953568
   83.144539   83.024307   82.844002   82.543587   82.243294   81.943115   81.643066   81.343140   81.043327   80.755630   80.743668   80.515892   80.288284   80.060844   79.833565   79.606445   79.388565   79.379524   79.351868   79.329666   79.312965   79.311577   79.446648   79.992126   80.756607   81.875809   83.324127   85.105827   87.191185
   90.013809   89.893555   89.713196   89.412712   89.112343   88.812096   88.511971   88.211967   87.912086   87.624313   87.612343   87.384468   87.156761   86.929222   86.701843   86.474617   86.256638   86.247597   86.216728   86.190842   86.169952   86.140350   86.235283   86.644600   87.202980   88.080116   89.260399   90.762115   92.563164
   96.881439   96.761147   96.580742   96.280174   95.979729   95.679398   95.379189   95.079109   94.779144   94.491287   94.479317   94.251335   94.023521   93.795868   93.568375   93.341042   93.122948   93.113899   93.079857   93.050415   93.025528   92.969917   93.028793   93.310432   93.677490   94.331100   95.263824   96.506187   98.042351
  103.747261  103.626938  103.446480  103.145828  102.845291  102.544876  102.244576  101.944405  101.644348  101.356415  101.344437  101.116333  100.888397  100.660629  100.433006  100.205551   99.987343   99.978294   99.941116   99.908195   99.879471   99.799538   99.825531   99.983360  100.170708  100.615097  101.317207  102.318192  103.606873
  110.611130  110.490768  110.310257  110.009506  109.708870  109.408363  109.107971  108.807701  108.507545  108.219521  108.207542  107.979301  107.751244  107.523338  107.295593  107.068008  106.849670  106.840614  106.800331  106.763985  106.731575  106.628639  106.624260  106.658180  106.675125  106.921127  107.406853  108.181999  109.238319
  117.472885  117.352478  117.171913  116.871056  116.570320  116.269707  115.969215  115.668839  115.368584  115.080452  115.068474  114.840096  114.611900  114.383858  114.155968  113.928238  113.709770  113.700706  113.657333  113.617630  113.581619  113.456757  113.424042  113.330956  113.184624  113.240082  113.521515  114.084335  114.921753
  124.332367  124.211922  124.031288  123.730324  123.429482  123.128754  122.828148  122.527664  122.227303  121.939064  121.927078  121.698555  121.470207  121.242012  121.013977  120.786102  120.567482  120.558411  120.511971  120.468971  120.429428  120.283501  120.224113  119.998207  119.693901  119.564262  119.651962  120.014175  120.644943
  131.189423  131.068924  130.888229  130.587143  130.286194  129.985352  129.684631  129.384018  129.083542  128.795181  128.783188  128.554520  128.326004  128.097656  127.869469  127.641426  127.422653  127.413582  127.364075  127.317818  127.274826  127.108543  127.023865  126.656349  126.197571  125.886963  125.790421  125.962425  126.397621
  144.895630  144.775040  144.594177  144.292847  143.991638  143.690536  143.389557  143.088699  142.787949  142.499359  142.487350  142.258331  142.029480  141.800797  141.572250  141.343857  141.124756  141.115662  141.060089  141.007431  140.957687  140.752426  140.620438  139.930054  139.166458  138.505188  138.065582  137.884476  137.957230
  158.590271  158.469559  158.288528  157.986923  157.685425  157.384048  157.082779  156.781647  156.480606  156.191742  156.179718  155.950333  155.721100  155.492020  155.263107  155.034332  154.814850  154.805756  154.744141  154.685165  154.628784  154.386490  154.210403  153.119736  152.048691  151.057068  150.303329  149.801147  149.543610
  172.272095  172.151276  171.970062  171.668137  171.366333  171.064636  170.763062  170.461609  170.160263  169.871078  169.859055  169.629242  169.399597  169.170105  168.940765  168.711563  168.491684  168.482559  168.414902  168.349609  168.286728  168.009186  167.591660  166.189804  164.803299  163.514053  162.471527  161.675339  161.113663
  185.939774  185.818802  185.637390  185.335129  185.032990  184.730942  184.429031  184.127228  183.825531  183.536026  183.523987  183.293716  183.063614  182.833664  182.603851  182.374191  182.153854  182.144714  182.071045  181.999603  181.930405  181.569046  180.800980  179.100693  177.405746  175.853683  174.545715  173.477798 -999.000000
  199.592041  199.470932  199.289307  198.986679  198.684158  198.381760  198.079483  197.777298  197.475250  197.185379  197.173325  196.942581  196.711990  196.481552  196.251251  196.021103  195.800308  195.791153  195.711609  195.634201  195.558914  194.759552  193.833588  191.812378  189.849701  188.059204  186.506439  185.184555 -999.000000
  213.228043  213.106781  212.924911  212.621902  212.319016  212.016235  211.713562  211.407898  211.095825  210.796219  210.783768  210.539734  210.295654  210.051544  209.807373  209.563156  209.328644  209.318909  209.133224  208.943665  208.750351  207.730453  206.628647  204.320831  202.130585  200.118286  198.337112  196.775513 -999.000000
  226.370407  226.243179  226.052322  225.734207  225.416046  225.097839  224.779602  224.461319  224.142975  223.837341  223.824631  223.572525  223.320328  223.068024  222.815613  222.563065  222.320526  222.310455  222.083847  221.853561  221.619858  220.414398  219.166901  216.637756  214.240829  212.020630  210.022522 -999.000000 -999.000000
  239.126465  238.996368  238.801224  238.475983  238.150726  237.825455  237.500153  237.174850  236.849548  236.537231  236.524231  236.263474  236.002670  235.741837  235.480957  235.220047  234.969513  234.959122  234.698624  234.436783  234.173691  232.842178  231.487915  228.763245  226.172699  223.754868 -999.000000 -999.000000 -999.000000
  251.574615  251.442551  251.244461  250.914322  250.584198  250.254074  249.923965  249.593857  249.263763  248.946869  248.933701  248.667038  248.400391  248.133713  247.867035  247.600342  247.344299  247.333679  247.051147  246.767792  246.483627  245.051178  243.600861  240.692398  237.917343 -999.000000 -999.000000 -999.000000 -999.000000
  263.783630  263.649841  263.449158  263.114716  262.780243  262.445801  262.111389  261.776947  261.442535  261.121521  261.108154  260.836151  260.564178  260.292206  260.020203  259.748169  259.487030  259.476196  259.174133  258.871429  258.568115  257.042206  255.501770  252.418015 -999.000000 -999.000000 -999.000000 -999.000000 -999.000000
  275.759460  275.623993  275.420776  275.082123  274.743439  274.404785  274.066162  273.727509  273.388885  273.063812  273.050293  272.773132  272.496002  272.218842  271.941681  271.664520  271.398407  271.387360  271.067108  270.746368  270.425049  268.810730  267.183960 -999.000000 -999.000000 -999.000000 -999.000000 -999.000000 -999.000000
  287.498749  287.361603  287.155884  286.813049  286.470184  286.127350  285.784546  285.441711  285.098907  284.769806  284.756104  284.473846  284.191620  283.909363  283.627075  283.344818  283.073822  283.062561  282.724976 -999.000000 -999.000000 -999.000000 -999.000000 -999.000000 -999.000000 -999.000000 -999.000000 -999.000000 -999.000000
#
# dtdd (rows - delta, columns - depth)
#
 -999.000000 -999.000000 -999.000000 -999.000000 -999.000000 -999.000000 -999.000000 -999.000000 -999.000000 -999.000000 -999.000000 -999.000000 -999.000000 -999.000000 -999.000000 -999.000000 -999.000000    0.003608    0.002942    0.002492    0.002208    0.001331    0.000968    0.000621    0.000454    0.000355    0.000289    0.000243    0.000208
 -999.000000 -999.000000 -999.000000 -999.000000 -999.000000 -999.000000 -999.000000 -999.000000 -999.000000 -999.000000 -999.000000 -999.000000 -999.000000 -999.000000 -999.000000 -999.000000 -999.000000    1.524001    1.254232    1.068545    0.946897    0.576766    0.419910    0.269969    0.197270    0.154318    0.125894    0.105708    0.090647
 -999.000000 -999.000000 -999.000000 -999.000000 -999.000000 -999.000000 -999.000000 -999.000000 -999.000000 -999.000000 -999.000000 -999.000000 -999.000000 -999.000000 -999.000000 -999.000000 -999.000000    2.948280    2.449230    2.098796    1.860365    1.144974    0.834696    0.537700    0.393308    0.307861    0.251257    0.211031    0.181002
 -999.000000 -999.000000 -999.000000 -999.000000 -999.000000 -999.000000 -999.000000 -999.000000 -999.000000 -999.000000 -999.000000 -999.000000 -999.000000 -999.000000 -999.000000 -999.000000 -999.000000    5.506296    4.661050    4.042098    3.586817    2.254987    1.648674    1.066395    0.781669    0.612610    0.500384    0.420518    0.360836
 -999.000000 -999.000000 -999.000000 -999.000000 -999.000000 -999.000000 -999.000000 -999.000000 -999.000000 -999.000000 -999.000000 -999.000000 -999.000000 -999.000000 -999.000000 -999.000000 -999.000000   11.144065    9.814521    8.797872    7.941223    5.340945    3.961677    2.597367    1.916644    1.507966    1.234861    1.039632    0.893272
 -999.000000 -999.000000 -999.000000 -999.000000 -999.000000 -999.000000 -999.000000 -999.000000 -999.000000 -999.000000 -999.000000 -999.000000   13.754235   13.754234   13.754232   13.754230   13.754225   13.754224   13.206553   12.501657   11.810331    9.047687    7.175410    4.954091    3.705271    2.935954    2.415227    2.039874    1.756812
   13.754235   13.754235   13.754234   13.754233   13.754231   13.754230   13.754226   13.754222   13.754217   13.754212   13.754212   13.754204   13.754195   13.754185   13.754173   13.754160   13.754147   13.754146   13.652994   13.402854   13.068700   11.127282    9.399695    6.915504    5.342276    4.281137    3.539496    2.999732    2.589963
   13.754194   13.754191   13.754187   13.754178   13.754169   13.754159   13.754148   13.754137   13.754126   13.754113   13.754113   13.754095   13.754076   13.754056   13.754035   13.754012   13.753989   13.753988   13.714076   13.605629   13.446338   12.213656   10.824416    8.457220    6.737642    5.513332    4.605901    3.918169    3.392044
   13.753878   13.753869   13.753856   13.753833   13.753809   13.753784   13.753759   13.753734   13.753707   13.753681   13.753680   13.753643   13.753605   13.753566   13.753525   13.753483   13.753442   13.753441   13.736236   13.697753   13.638325   13.088961   12.285853   10.499907    8.868256    7.526284    6.449403    5.592782    4.896379
   13.753248   13.753234   13.753212   13.753175   13.753136   13.753098   13.753057   13.753017   13.752976   13.752936   13.752934   13.752878   13.752821   13.752763   13.752703   13.752641   13.752582   13.752579   13.741358   13.719737   13.687547   13.385753   12.899424   11.633694   10.267749    9.006740    7.907918    6.973130    6.189324
   13.752307   13.752286   13.752255   13.752204   13.752151   13.752097   13.752044   13.751988   13.751933   13.751879   13.751877   13.751801   13.751724   13.751646   13.751567   13.751487   13.751408   13.751405   13.742371   13.726941   13.705586   13.511386   13.191455   12.277273   11.173559   10.062107    9.023514    8.092312    7.274412
   13.751052   13.751026   13.750986   13.750920   13.750853   13.750785   13.750716   13.750647   13.750576   13.750508   13.750505   13.750411   13.750315   13.750217   13.750119   13.750019   13.749922   13.749918   13.741959   13.729847   13.713878   13.574665   13.345271   12.660324   11.766891   10.808516    9.862598    8.976109    8.167722
   13.749484   13.749453   13.749404   13.749323   13.749242   13.749159   13.749076   13.748992   13.748907   13.748824   13.748821   13.748708   13.748592   13.748475   13.748358   13.748239   13.748122   13.748117   13.740750   13.730514   13.717411   13.609844   13.436681   12.901227   12.163852   11.339361   10.491420    9.667621    8.892589
   13.747603   13.747565   13.747508   13.747413   13.747316   13.747219   13.747122   13.747023   13.746923   13.746827   13.746823   13.746691   13.746556   13.746420   13.746283   13.746144   13.746010   13.746004   13.738997   13.729878   13.718611   13.630992   13.492201   13.058343   12.436784   11.721100   10.963202   10.206550    9.476180
   13.745408   13.745364   13.745299   13.745189   13.745078   13.744967   13.744854   13.744741   13.744627   13.744517   13.744513   13.744360   13.744206   13.744052   13.743896   13.743737   13.743585   13.743578   13.736835   13.728421   13.718377   13.643677   13.529444   13.163055   12.626032   11.998429   11.318658   10.626381    9.944563
   13.742901   13.742851   13.742777   13.742653   13.742527   13.742401   13.742274   13.742146   13.742019   13.741895   13.741889   13.741717   13.741545   13.741371   13.741196   13.741018   13.740847   13.740840   13.734270   13.726356   13.717165   13.651476   13.554225   13.235905   12.760981   12.201742   11.587773   10.953647   10.319612
   13.740081   13.740026   13.739943   13.739803   13.739664   13.739524   13.739383   13.739241   13.739098   13.738959   13.738954   13.738763   13.738571   13.738378   13.738183   13.737987   13.737797   13.737789   13.731329   13.723813   13.715203   13.656156   13.571066   13.286782   12.857012   12.351067   11.791792   11.209203   10.619701
   13.736948   13.736887   13.736795   13.736643   13.736488   13.736334   13.736177   13.736021   13.735864   13.735712   13.735705   13.735496   13.735285   13.735073   13.734859   13.734643   13.734435   13.734426   13.728045   13.720820   13.712644   13.658620   13.582765   13.320595   12.924419   12.460385   11.946121   11.407661   10.859198
   13.733502   13.733437   13.733336   13.733169   13.733000   13.732831   13.732660   13.732490   13.732318   13.732152   13.732145   13.731916   13.731687   13.731455   13.731222   13.730988   13.730762   13.730752   13.724447   13.717410   13.709593   13.659408   13.590724   13.340652   12.970503   12.539023   12.061875   11.562053   11.050392
   13.729745   13.729672   13.729564   13.729382   13.729199   13.729015   13.728831   13.728645   13.728459   13.728279   13.728271   13.728024   13.727776   13.727525   13.727273   13.727019   13.726775   13.726765   13.720526   13.713623   13.706117   13.658894   13.595822   13.349311   12.999876   12.593340   12.147138   11.680628   11.201488
   13.725675   13.725596   13.725479   13.725283   13.725085   13.724888   13.724689   13.724489   13.724288   13.724094   13.724087   13.723820   13.723552   13.723283   13.723012   13.722739   13.722476   13.722466   13.716269   13.709495   13.702215   13.657359   13.598783   13.348734   13.015773   12.627758   12.207690   11.770197   11.319348
   13.721291   13.721207   13.721081   13.720870   13.720659   13.720447   13.720233   13.720018   13.719804   13.719596   13.719587   13.719302   13.719015   13.718727   13.718437   13.718145   13.717864   13.717853   13.711689   13.705042   13.697920   13.654982   13.600075   13.341204   13.020519   12.645507   12.247913   11.835497   11.410339
   13.716593   13.716503   13.716369   13.716144   13.715919   13.715692   13.715464   13.715235   13.715006   13.714784   13.714775   13.714471   13.714165   13.713858   13.713549   13.713238   13.712938   13.712926   13.706795   13.700244   13.693261   13.651892   13.600015   13.326625   13.014766   12.649004   12.271278   11.880858   11.479022
   13.711581   13.711486   13.711343   13.711103   13.710863   13.710622   13.710380   13.710137   13.709893   13.709658   13.709648   13.709325   13.709001   13.708674   13.708346   13.708017   13.707699   13.707685   13.701586   13.695114   13.688268   13.648190   13.598835   13.304685   12.998104   12.639823   12.280367   11.909569   11.528726
   13.700623   13.700517   13.700356   13.700089   13.699821   13.699553   13.699283   13.699012   13.698740   13.698478   13.698467   13.698108   13.697746   13.697384   13.697020   13.696654   13.696301   13.696286   13.690242   13.683903   13.677220   13.639254   13.593748   13.237338   12.932575   12.590432   12.262644   11.926378   11.581120
   13.688450   13.688333   13.688156   13.687862   13.687567   13.687270   13.686973   13.686674   13.686375   13.686087   13.686074   13.685678   13.685281   13.684881   13.684481   13.684077   13.683688   13.683672   13.677637   13.671317   13.664722   13.628636   13.585757   13.136113   12.824959   12.508618   12.207576   11.900851   11.584555
   13.674991   13.674861   13.674665   13.674340   13.674013   13.673686   13.673357   13.673027   13.672695   13.672377   13.672363   13.671926   13.671487   13.671046   13.670604   13.670159   13.669730   13.669713   13.663640   13.657382   13.650978   13.616398   13.281699   12.997424   12.680056   12.401634   12.124786   11.842707   11.549837
   13.660133   13.659992   13.659781   13.659427   13.659071   13.658715   13.658359   13.658002   13.657643   13.657299   13.657285   13.656813   13.656341   13.655867   13.655391   13.654914   13.654455   13.654436   13.648498   13.642437   13.636250   13.279299   13.129578   12.817004   12.523942   12.274867   12.020371   11.758235 -999.000000
   13.644263   13.644114   13.643892   13.643520   13.643147   13.642774   13.642399   13.642024   13.641648   13.641286   13.641272   13.640778   13.640282   13.639785   13.639287   13.638787   13.638307   13.638287   13.632509   13.626627   13.620564   13.092145   12.925483   12.607483   12.363352   12.134130   11.898376   11.651936 -999.000000
   13.627602   13.627447   13.627214   13.626826   13.626437   13.626047   13.625656   13.193116   13.187768   13.182599   13.182384   13.175445   13.168448   13.161396   13.154287   13.147120   13.140186   13.139897   13.101351   13.063033   13.024906   12.835834   12.658726   12.411448   12.196937   11.982377   11.760423   11.527153 -999.000000
   12.939119   12.936329   12.932129   12.925092   12.918009   12.910878   12.903701   12.896477   12.889205   12.882179   12.881886   12.872573   12.863191   12.853740   12.844218   12.834628   12.825356   12.824969   12.781366   12.738189   12.699016   12.544868   12.425159   12.222038   12.022290   11.820324   11.608143 -999.000000 -999.000000
   12.582021   12.579695   12.576221   12.570469   12.564764   12.559106   12.553492   12.547920   12.542392   12.537122   12.536903   12.530111   12.523382   12.516714   12.510105   12.503552   12.497313   12.497055   12.471651   12.447314   12.423903   12.316983   12.217575   12.028150   11.839961   11.646207 -999.000000 -999.000000 -999.000000
   12.325359   12.323606   12.320975   12.316590   12.312206   12.307823   12.303439   12.299056   12.294674   12.290466   12.290292   12.284867   12.279447   12.274029   12.268614   12.263202   12.258009   12.257793   12.237449   12.217317   12.197386   12.100502   12.007667   11.828930   11.647649 -999.000000 -999.000000 -999.000000 -999.000000
   12.092570   12.090866   12.088309   12.084048   12.079787   12.075527   12.071267   12.067007   12.062747   12.058659   12.058488   12.053252   12.048018   12.042788   12.037560   12.032333   12.027319   12.027111   12.008353   11.989753   11.971304   11.880944   11.792913   11.620753 -999.000000 -999.000000 -999.000000 -999.000000 -999.000000
   11.858624   11.856951   11.854441   11.850257   11.846070   11.841883   11.837692   11.833501   11.829308   11.825280   11.825113   11.819985   11.814857   11.809728   11.804598   11.799468   11.794542   11.794337   11.776598   11.758949   11.741386   11.654807   11.570112 -999.000000 -999.000000 -999.000000 -999.000000 -999.000000 -999.000000
   11.618775   11.617108   11.614607   11.610436   11.606264   11.602091   11.597916   11.593740   11.589561   11.585549   11.585382   11.580305   11.575228   11.570149   11.565071   11.559993   11.555118   11.554914   11.537950 -999.000000 -999.000000 -999.000000 -999.000000 -999.000000 -999.000000 -999.000000 -999.000000 -999.000000 -999.000000
#
# dtdh (rows - delta, columns - depth)
#
 -999.000000 -999.000000 -999.000000 -999.000000 -999.000000 -999.000000 -999.000000 -999.000000 -999.000000 -999.000000 -999.000000 -999.000000 -999.000000 -999.000000 -999.000000 -999.000000 -999.000000    0.124378    0.124369    0.124360    0.124351    0.124305    0.124260    0.122954    0.120891    0.118405    0.115900    0.113496    0.111197
 -999.000000 -999.000000 -999.000000 -999.000000 -999.000000 -999.000000 -999.000000 -999.000000 -999.000000 -999.000000 -999.000000 -999.000000 -999.000000 -999.000000 -999.000000 -999.000000 -999.000000    0.123612    0.123850    0.123983    0.124054    0.124194    0.124201    0.122929    0.120878    0.118396    0.115894    0.113492    0.111194
 -999.000000 -999.000000 -999.000000 -999.000000 -999.000000 -999.000000 -999.000000 -999.000000 -999.000000 -999.000000 -999.000000 -999.000000 -999.000000 -999.000000 -999.000000 -999.000000 -999.000000    0.121487    0.122378    0.122898    0.123202    0.123868    0.124026    0.122854    0.120836    0.118370    0.115876    0.113478    0.111184
 -999.000000 -999.000000 -999.000000 -999.000000 -999.000000 -999.000000 -999.000000 -999.000000 -999.000000 -999.000000 -999.000000 -999.000000 -999.000000 -999.000000 -999.000000 -999.000000 -999.000000    0.113976    0.116997    0.118849    0.120025    0.122600    0.123344    0.122561    0.120673    0.118266    0.115804    0.113425    0.111143
 -999.000000 -999.000000 -999.000000 -999.000000 -999.000000 -999.000000 -999.000000 -999.000000 -999.000000 -999.000000 -999.000000 -999.000000 -999.000000 -999.000000 -999.000000 -999.000000 -999.000000    0.072900    0.087054    0.095477    0.101399    0.114409    0.118871    0.120605    0.119574    0.117560    0.115313    0.113064    0.110866
 -999.000000 -999.000000 -999.000000 -999.000000 -999.000000 -999.000000 -999.000000 -999.000000 -999.000000 -999.000000 -999.000000 -999.000000   -0.090815   -0.090748   -0.090681   -0.090614   -0.090550   -0.000152    0.034390    0.051424    0.063268    0.093126    0.105558    0.114175    0.115893    0.115171    0.113637    0.111824    0.109912
   -0.120109   -0.120089   -0.120059   -0.120009   -0.119958   -0.119908   -0.119858   -0.119807   -0.119757   -0.119709   -0.090949   -0.090883   -0.090816   -0.090749   -0.090682   -0.090615   -0.090551   -0.000447    0.014162    0.027006    0.037822    0.072096    0.089805    0.105172    0.110247    0.111417    0.110982    0.109848    0.108384
   -0.120109   -0.120089   -0.120059   -0.120009   -0.119959   -0.119909   -0.119859   -0.119808   -0.119758   -0.119709   -0.090950   -0.090884   -0.090817   -0.090751   -0.090684   -0.090617   -0.090553   -0.000743    0.007978    0.016735    0.024654    0.055658    0.075230    0.095135    0.103447    0.106566    0.107440    0.107197    0.106327
   -0.120112   -0.120092   -0.120062   -0.120012   -0.119962   -0.119912   -0.119862   -0.119812   -0.119762   -0.119713   -0.090956   -0.090890   -0.090823   -0.090757   -0.090690   -0.090624   -0.090559   -0.001336    0.003718    0.008586    0.013438    0.035548    0.053293    0.075934    0.088516    0.095166    0.098631    0.100244    0.100783
   -0.120118   -0.120098   -0.120068   -0.120018   -0.119969   -0.119919   -0.119869   -0.119819   -0.119769   -0.119720   -0.090965   -0.090899   -0.090833   -0.090767   -0.090700   -0.090634   -0.090570   -0.001930    0.001514    0.004928    0.008371    0.024757    0.039373    0.060310    0.074340    0.083138    0.088673    0.092077    0.094008
   -0.120127   -0.120107   -0.120077   -0.120027   -0.119978   -0.119928   -0.119878   -0.119828   -0.119778   -0.119730   -0.090978   -0.090912   -0.090846   -0.090780   -0.090714   -0.090648   -0.090585   -0.002523    0.000117    0.002839    0.005428    0.018250    0.030235    0.048290    0.062066    0.071754    0.078616    0.083375    0.086558
   -0.120138   -0.120118   -0.120089   -0.120039   -0.119990   -0.119940   -0.119891   -0.119841   -0.119791   -0.119743   -0.090995   -0.090929   -0.090864   -0.090798   -0.090732   -0.090666   -0.090603   -0.003116   -0.000971    0.001231    0.003285    0.013825    0.023946    0.039008    0.051757    0.061511    0.069058    0.074735    0.078881
   -0.120153   -0.120133   -0.120103   -0.120054   -0.120005   -0.119955   -0.119906   -0.119856   -0.119807   -0.119759   -0.091016   -0.090950   -0.090885   -0.090820   -0.090754   -0.090689   -0.090625   -0.003709   -0.001913   -0.000116    0.001681    0.010580    0.019211    0.031612    0.043126    0.052474    0.060242    0.066467    0.071299
   -0.120170   -0.120150   -0.120121   -0.120072   -0.120023   -0.119973   -0.119924   -0.119875   -0.119825   -0.119778   -0.091040   -0.090975   -0.090910   -0.090845   -0.090780   -0.090714   -0.090652   -0.004302   -0.002758   -0.001202    0.000346    0.008014    0.015629    0.025560    0.035792    0.044521    0.052226    0.058720    0.064004
   -0.120190   -0.120171   -0.120141   -0.120093   -0.120043   -0.119994   -0.119945   -0.119896   -0.119847   -0.119799   -0.091069   -0.091004   -0.090939   -0.090874   -0.090809   -0.090744   -0.090682   -0.004895   -0.003532   -0.002174   -0.000804    0.005964    0.012659    0.020504    0.029532    0.037494    0.044968    0.051536    0.057087
   -0.120214   -0.120194   -0.120165   -0.120116   -0.120067   -0.120018   -0.119969   -0.119920   -0.119871   -0.119824   -0.091101   -0.091036   -0.090972   -0.090907   -0.090843   -0.090778   -0.090716   -0.005488   -0.004271   -0.003062   -0.001838    0.004236    0.010209    0.016040    0.024017    0.031220    0.038380    0.044905    0.050588
   -0.120240   -0.120220   -0.120191   -0.120142   -0.120094   -0.120045   -0.119996   -0.119947   -0.119898   -0.119851   -0.091137   -0.091073   -0.091008   -0.090944   -0.090880   -0.090815   -0.090753   -0.006080   -0.004986   -0.003886   -0.002793    0.002713    0.008129    0.011951    0.019099    0.025563    0.032376    0.038776    0.044503
   -0.120269   -0.120249   -0.120220   -0.120172   -0.120123   -0.120075   -0.120026   -0.119977   -0.119928   -0.119881   -0.091177   -0.091113   -0.091049   -0.090985   -0.090921   -0.090857   -0.090795   -0.006673   -0.005679   -0.004674   -0.003683    0.001336    0.006290    0.008155    0.014661    0.020391    0.026868    0.033123    0.038819
   -0.120300   -0.120281   -0.120252   -0.120204   -0.120155   -0.120107   -0.120058   -0.120010   -0.119961   -0.119914   -0.091220   -0.091157   -0.091093   -0.091029   -0.090966   -0.090902   -0.090840   -0.007265   -0.006351   -0.005433   -0.004521    0.000070    0.004638    0.004599    0.010586    0.015606    0.021780    0.027856    0.033484
   -0.120335   -0.120316   -0.120287   -0.120239   -0.120191   -0.120142   -0.120094   -0.120046   -0.119997   -0.119951   -0.091268   -0.091204   -0.091141   -0.091078   -0.091014   -0.090951   -0.090890   -0.007857   -0.007011   -0.006168   -0.005317   -0.001080    0.003152    0.001243    0.006805    0.011132    0.017044    0.022944    0.028489
   -0.120373   -0.120354   -0.120325   -0.120277   -0.120229   -0.120181   -0.120132   -0.120084   -0.120036   -0.119990   -0.091319   -0.091256   -0.091193   -0.091130   -0.091067   -0.091004   -0.090943   -0.008449   -0.007663   -0.006879   -0.006087   -0.002154    0.001793   -0.001689    0.003265    0.006918    0.012615    0.018336    0.023816
   -0.120413   -0.120394   -0.120365   -0.120318   -0.120270   -0.120222   -0.120174   -0.120126   -0.120078   -0.120031   -0.091374   -0.091311   -0.091249   -0.091186   -0.091123   -0.091060   -0.091000   -0.009041   -0.008307   -0.007572   -0.006836   -0.003165    0.000532   -0.004461   -0.000081    0.002926    0.008458    0.014022    0.019410
   -0.120456   -0.120437   -0.120409   -0.120361   -0.120314   -0.120266   -0.120218   -0.120170   -0.120122   -0.120076   -0.091433   -0.091370   -0.091308   -0.091246   -0.091183   -0.091120   -0.091060   -0.009632   -0.008944   -0.008254   -0.007564   -0.004124   -0.000648   -0.007272   -0.003594   -0.000900    0.004529    0.009960    0.015232
   -0.120503   -0.120484   -0.120455   -0.120408   -0.120360   -0.120313   -0.120265   -0.120217   -0.120170   -0.120124   -0.091495   -0.091433   -0.091371   -0.091309   -0.091247   -0.091185   -0.091125   -0.010224   -0.009575   -0.008925   -0.008273   -0.005037   -0.001760   -0.010121   -0.007091   -0.004599    0.000796    0.006112    0.011257
   -0.120603   -0.120584   -0.120556   -0.120509   -0.120462   -0.120415   -0.120368   -0.120320   -0.120273   -0.120228   -0.091631   -0.091570   -0.091509   -0.091447   -0.091386   -0.091324   -0.091265   -0.011405   -0.010823   -0.010239   -0.009658   -0.006750   -0.003827   -0.015940   -0.014027   -0.011417   -0.006275   -0.001035    0.003902
   -0.120715   -0.120696   -0.120668   -0.120622   -0.120575   -0.120528   -0.120481   -0.120434   -0.120387   -0.120342   -0.091782   -0.091721   -0.091661   -0.091600   -0.091539   -0.091478   -0.091419   -0.012583   -0.012058   -0.011536   -0.011016   -0.008339   -0.005725   -0.021921   -0.020874   -0.017614   -0.012625   -0.007493   -0.002810
   -0.120838   -0.120820   -0.120792   -0.120746   -0.120700   -0.120653   -0.120607   -0.120560   -0.120514   -0.120469   -0.091948   -0.091888   -0.091828   -0.091768   -0.091708   -0.091648   -0.091590   -0.013768   -0.013294   -0.012819   -0.012337   -0.009857   -0.026734   -0.028071   -0.027465   -0.023319   -0.018407   -0.013460   -0.009047
   -0.120974   -0.120956   -0.120928   -0.120883   -0.120837   -0.120791   -0.120745   -0.120699   -0.120653   -0.120608   -0.092130   -0.092071   -0.092012   -0.091952   -0.091893   -0.091833   -0.091776   -0.014956   -0.014512   -0.014064   -0.013610   -0.029121   -0.032406   -0.034395   -0.033068   -0.028598   -0.023736   -0.019018 -999.000000
   -0.121119   -0.121101   -0.121073   -0.121028   -0.120982   -0.120937   -0.120891   -0.120845   -0.120800   -0.120756   -0.092323   -0.092265   -0.092206   -0.092147   -0.092088   -0.092029   -0.091972   -0.016116   -0.015695   -0.015269   -0.014844   -0.035451   -0.038653   -0.040434   -0.037921   -0.033449   -0.028693   -0.024229 -999.000000
   -0.121271   -0.121252   -0.121225   -0.121180   -0.121135   -0.121090   -0.121044   -0.124830   -0.124831   -0.124833   -0.097598   -0.097617   -0.097637   -0.097658   -0.097679   -0.097701   -0.097722   -0.036757   -0.037541   -0.038303   -0.039044   -0.042510   -0.045428   -0.045287   -0.042313   -0.037941   -0.033376   -0.029137 -999.000000
   -0.127224   -0.127230   -0.127239   -0.127256   -0.127272   -0.127289   -0.127306   -0.127324   -0.127342   -0.127360   -0.100811   -0.100855   -0.100900   -0.100945   -0.100992   -0.101039   -0.101085   -0.044942   -0.045691   -0.046418   -0.047045   -0.049180   -0.050525   -0.049464   -0.046422   -0.042160   -0.037828 -999.000000 -999.000000
   -0.130088   -0.130091   -0.130095   -0.130101   -0.130107   -0.130113   -0.130118   -0.130123   -0.130128   -0.130132   -0.104291   -0.104309   -0.104326   -0.104343   -0.104360   -0.104376   -0.104390   -0.051950   -0.052233   -0.052494   -0.052736   -0.053739   -0.054588   -0.053344   -0.050300   -0.046211 -999.000000 -999.000000 -999.000000
   -0.132061   -0.132059   -0.132057   -0.132054   -0.132050   -0.132047   -0.132043   -0.132040   -0.132037   -0.132033   -0.106653   -0.106658   -0.106664   -0.106669   -0.106675   -0.106680   -0.106685   -0.056419   -0.056588   -0.056753   -0.056915   -0.057669   -0.058347   -0.056997   -0.054032 -999.000000 -999.000000 -999.000000 -999.000000
   -0.133790   -0.133788   -0.133786   -0.133783   -0.133779   -0.133776   -0.133772   -0.133768   -0.133765   -0.133761   -0.108785   -0.108790   -0.108794   -0.108798   -0.108803   -0.108807   -0.108811   -0.060342   -0.060475   -0.060604   -0.060731   -0.061333   -0.061895   -0.060521 -999.000000 -999.000000 -999.000000 -999.000000 -999.000000
   -0.135473   -0.135472   -0.135470   -0.135466   -0.135463   -0.135460   -0.135456   -0.135453   -0.135450   -0.135447   -0.110851   -0.110855   -0.110859   -0.110863   -0.110867   -0.110871   -0.110875   -0.063989   -0.064099   -0.064207   -0.064313   -0.064827   -0.065311 -999.000000 -999.000000 -999.000000 -999.000000 -999.000000 -999.000000
   -0.137143   -0.137142   -0.137141   -0.137138   -0.137135   -0.137133   -0.137130   -0.137127   -0.137125   -0.137122   -0.112892   -0.112896   -0.112901   -0.112905   -0.112909   -0.112914   -0.112918   -0.067467   -0.067560 -999.000000 -999.000000 -999.000000 -999.000000 -999.000000 -999.000000 -999.000000 -999.000000 -999.000000 -999.000000
#
# iasp91 travel-time table for Pn
#
