2001.001_06.57.LN.SNY.BHRRF.SAC   8.63000   0.10  174.718   34.817
2001.010_16.02.LN.SNY.BHRRF.SAC   7.39250   0.10   43.031   52.709
2001.016_13.24.LN.SNY.BHRRF.SAC   7.60550   0.00  209.199   49.757
2001.094_07.44.LN.SNY.BHRRF.SAC   7.77150   0.10  168.010   47.475
2001.097_23.17.LN.SNY.BHRRF.SAC   4.71190   0.20  129.557   88.621
2001.107_21.54.LN.SNY.BHRRF.SAC   8.35760   0.10   56.024   39.131
2001.109_03.13.LN.SNY.BHRRF.SAC   7.06080   0.10  140.880   57.245
2001.109_20.58.LN.SNY.BHRRF.SAC   7.06820   0.00  140.798   57.142
2001.109_21.43.LN.SNY.BHRRF.SAC   7.06650   0.10  140.957   57.166
2001.129_17.38.LN.SNY.BHRRF.SAC   6.68380   0.00  137.272   62.246
2001.139_17.36.LN.SNY.BHRRF.SAC   5.14070   0.10  125.565   81.886
2001.145_05.05.LN.SNY.BHRRF.SAC   7.51620   0.10  197.081   50.978
2001.148_08.37.LN.SNY.BHRRF.SAC   7.66000   0.10  168.354   48.922
2001.149_23.37.LN.SNY.BHRRF.SAC   7.11920   0.10  141.690   56.441
2001.154_02.41.LN.SNY.BHRRF.SAC   4.68890   0.10  132.410   88.752
2001.156_09.00.LN.SNY.BHRRF.SAC   7.38980   0.10  150.880   52.840
2001.165_19.48.LN.SNY.BHRRF.SAC   8.34720   0.00   56.078   39.134
2001.182_01.46.LN.SNY.BHRRF.SAC   7.36400   0.00  142.309   53.107
2001.189_17.54.LN.SNY.BHRRF.SAC   7.24040   0.10  144.673   54.796
2001.200_18.00.LN.SNY.BHRRF.SAC   7.31100   0.10   42.021   53.779
2002.015_07.13.LN.SNY.BHRRF.SAC   7.52420   0.00  203.811   50.868
2002.015_09.01.LN.SNY.BHRRF.SAC   7.34340   0.10  145.081   53.392
2002.034_07.11.LN.SNY.BHRRF.SAC   6.34440   0.00  301.839   67.219
2002.036_13.27.LN.SNY.BHRRF.SAC   7.34600   0.10  144.721   53.325
2002.050_00.35.LN.SNY.BHRRF.SAC   7.47280   0.10  144.259   51.578
2002.059_01.50.LN.SNY.BHRRF.SAC   7.32420   0.00  144.965   53.591
2002.062_12.08.LN.SNY.BHRRF.SAC   8.17470   0.00  280.583   41.014
2002.078_22.14.LN.SNY.BHRRF.SAC   7.65540   0.00  171.527   48.366
2002.084_14.56.LN.SNY.BHRRF.SAC   8.15920   0.00  280.529   42.153
2002.110_15.59.LN.SNY.BHRRF.SAC   5.85300   0.00  130.413   73.875
2002.116_16.06.LN.SNY.BHRRF.SAC   8.66560   0.00  141.463   33.913
2002.132_23.12.LN.SNY.BHRRF.SAC   8.09740   0.10  174.885   42.925
2002.134_16.56.LN.SNY.BHRRF.SAC   4.73900   0.00  214.517   88.129
2002.145_05.36.LN.SNY.BHRRF.SAC   7.62200   0.10   48.709   49.531
2002.161_22.48.LN.SNY.BHRRF.SAC   8.67090   0.00  148.945   34.139
2002.167_00.00.LN.SNY.BHRRF.SAC   8.21020   0.10  185.608   41.295
2002.168_21.26.LN.SNY.BHRRF.SAC   6.36070   0.00  133.883   66.915
2002.173_02.58.LN.SNY.BHRRF.SAC   7.09540  -0.10  290.262   56.857
2002.178_05.50.LN.SNY.BHRRF.SAC   7.45900   0.10  205.212   51.866
2002.225_06.05.LN.SNY.BHRRF.SAC   7.45290   0.10  205.016   51.856
2002.226_13.12.LN.SNY.BHRRF.SAC   8.57390   0.00  157.151   35.861
2002.226_13.57.LN.SNY.BHRRF.SAC   8.68010   0.00  138.069   33.780
2002.251_18.44.LN.SNY.BHRRF.SAC   7.72220   0.00  153.717   48.155
2002.259_13.22.LN.SNY.BHRRF.SAC   7.73200   0.00  154.056   48.120
2002.260_11.20.LN.SNY.BHRRF.SAC   7.72990   0.10  153.827   48.148
2002.263_13.33.LN.SNY.BHRRF.SAC   8.01470   0.10  165.054   44.197
2002.263_15.43.LN.SNY.BHRRF.SAC   8.00860   0.00  164.581   44.283
2002.276_19.05.LN.SNY.BHRRF.SAC   7.48940   0.10  190.202   49.527
2002.279_15.46.LN.SNY.BHRRF.SAC   7.58400   0.10  186.731   50.051
2002.283_10.50.LN.SNY.BHRRF.SAC   8.00120   0.10  164.786   44.386
2002.290_17.52.LN.SNY.BHRRF.SAC   7.75940   0.10  157.398   47.642
2002.345_03.49.LN.SNY.BHRRF.SAC   7.84450   0.10  164.026   46.566
2002.346_08.30.LN.SNY.BHRRF.SAC   7.32890   0.10  142.299   53.592
2002.354_14.14.LN.SNY.BHRRF.SAC   7.61380   0.10  147.657   49.644
2002.364_04.49.LN.SNY.BHRRF.SAC   8.67020   0.20  180.437   34.266
2003.004_05.15.LN.SNY.BHRRF.SAC   5.11610  -0.10  126.173   82.381
2003.010_13.11.LN.SNY.BHRRF.SAC   7.27150   0.10  142.220   54.184
2003.020_08.43.LN.SNY.BHRRF.SAC   6.70140   0.10  137.830   62.171
2003.041_04.49.LN.SNY.BHRRF.SAC   7.34940   0.00  146.742   53.310
2003.043_22.33.LN.SNY.BHRRF.SAC   7.67040   0.10  152.148   48.966
2003.050_03.32.LN.SNY.BHRRF.SAC   7.76430   0.10   49.574   47.638
2003.069_02.09.LN.SNY.BHRRF.SAC   8.29510   0.10  174.290   40.045
2003.070_07.27.LN.SNY.BHRRF.SAC   7.33090   0.10  142.337   53.565
2003.073_07.06.LN.SNY.BHRRF.SAC   8.10430   0.10  166.274   42.826
2003.073_12.54.LN.SNY.BHRRF.SAC   5.21040   0.10  122.233   81.581
2003.076_16.36.LN.SNY.BHRRF.SAC   8.45020   0.10   56.232   37.730
2003.078_00.03.LN.SNY.BHRRF.SAC   6.91840   0.00  141.374   59.206
2003.084_02.53.LN.SNY.BHRRF.SAC   7.59920   0.10  183.729   49.843
2003.087_17.31.LN.SNY.BHRRF.SAC   5.31690   0.10  119.588   81.095
2003.089_18.13.LN.SNY.BHRRF.SAC   7.95120   0.10  174.569   44.981
2003.090_01.06.LN.SNY.BHRRF.SAC   7.29150   0.00  145.173   54.105
2003.117_16.08.LN.SNY.BHRRF.SAC   8.54210   0.00  175.871   36.269
2003.124_13.15.LN.SNY.BHRRF.SAC   4.67440   0.10  132.937   89.738
2003.125_23.04.LN.SNY.BHRRF.SAC   8.42270   0.10  173.000   38.099
2003.131_17.51.LN.SNY.BHRRF.SAC   8.11110   0.00  175.028   42.729
2003.133_21.21.LN.SNY.BHRRF.SAC   6.01890   0.10  135.580   71.631
2003.146_19.23.LN.SNY.BHRRF.SAC   8.33310   0.10  171.842   39.489
2003.146_23.13.LN.SNY.BHRRF.SAC   8.31630   0.10  179.701   34.882
2003.158_00.32.LN.SNY.BHRRF.SAC   7.33260   0.10  143.406   53.541
2003.163_08.59.LN.SNY.BHRRF.SAC   7.13380   0.10  141.338   55.381
2003.166_19.24.LN.SNY.BHRRF.SAC   8.49460   0.10   55.967   37.032
2003.174_12.12.LN.SNY.BHRRF.SAC   8.50120   0.10   56.117   36.942
2003.179_15.29.LN.SNY.BHRRF.SAC   7.63810   0.00  149.835   49.409
2003.196_18.46.LN.SNY.BHRRF.SAC   7.41850   0.00  142.930   52.342
2003.196_20.27.LN.SNY.BHRRF.SAC   6.38320   0.10  243.398   66.684
2003.202_13.53.LN.SNY.BHRRF.SAC   7.33940   0.10  147.501   52.518
2003.206_09.37.LN.SNY.BHRRF.SAC   7.64220   0.10  144.450   49.200
2003.223_00.19.LN.SNY.BHRRF.SAC   8.25570   0.10  173.000   40.732
2003.226_05.14.LN.SNY.BHRRF.SAC   5.90880   0.00  307.666   73.203
2003.233_12.12.LN.SNY.BHRRF.SAC   4.57420   0.10  150.721   94.965
2003.286_09.52.LN.SNY.BHRRF.SAC   5.51510  -0.10  123.501   78.499
2003.290_10.19.LN.SNY.BHRRF.SAC   7.20130   0.10  141.733   54.760
2003.291_22.27.LN.SNY.BHRRF.SAC   8.21790   0.10  176.244   41.181
2003.295_11.45.LN.SNY.BHRRF.SAC   7.40250   0.10  149.097   52.568
2003.310_08.14.LN.SNY.BHRRF.SAC   8.32170   0.00  174.758   39.765
2003.310_10.38.LN.SNY.BHRRF.SAC   5.82480   0.10  135.688   73.910
2003.316_00.29.LN.SNY.BHRRF.SAC   8.29270   0.10  175.554   40.081
2003.318_04.28.LN.SNY.BHRRF.SAC   5.87610   0.10  131.347   73.640
2003.321_06.43.LN.SNY.BHRRF.SAC   8.42000   0.10   56.280   38.195
2003.329_20.19.LN.SNY.BHRRF.SAC   7.34960   0.20  145.277   53.307
2003.339_21.26.LN.SNY.BHRRF.SAC   8.83490   0.00   48.688   30.473
2003.343_12.44.LN.SNY.BHRRF.SAC   8.33490   0.00   55.741   39.463
2003.359_20.42.LN.SNY.BHRRF.SAC   5.65540   0.00  136.901   76.629
2003.360_01.56.LN.SNY.BHRRF.SAC   7.33860   0.00  278.365   53.553
2003.361_16.00.LN.SNY.BHRRF.SAC   5.66680   0.10  136.610   76.471
2004.003_16.23.LN.SNY.BHRRF.SAC   5.64640   0.10  136.802   76.753
2004.025_11.43.LN.SNY.BHRRF.SAC   5.23490   0.10  121.108   81.840
2004.028_22.15.LN.SNY.BHRRF.SAC   7.95420   0.10  174.806   44.940
2004.034_23.09.LN.SNY.BHRRF.SAC   7.74530   0.00  157.083   47.837
2004.036_21.05.LN.SNY.BHRRF.SAC   7.84910   0.10  163.459   46.502
2004.038_02.42.LN.SNY.BHRRF.SAC   7.82820   0.10  164.204   46.792
2004.039_08.58.LN.SNY.BHRRF.SAC   7.84600   0.10  163.894   46.545
2004.096_20.34.LN.SNY.BHRRF.SAC   5.03990   0.10  123.321   84.665
2004.096_21.24.LN.SNY.BHRRF.SAC   8.18290   0.00  280.363   40.575
2004.100_15.23.LN.SNY.BHRRF.SAC   6.22200   0.10  133.508   67.874
2004.102_07.37.LN.SNY.BHRRF.SAC   7.75300   0.10  157.604   47.803
2004.106_20.06.LN.SNY.BHRRF.SAC   5.82430   0.00  135.223   74.328
2004.107_21.57.LN.SNY.BHRRF.SAC   7.52570   0.20  207.637   50.724
2004.108_15.58.LN.SNY.BHRRF.SAC   7.63540   0.10  173.655   49.118
2004.113_14.16.LN.SNY.BHRRF.SAC   7.60980   0.10  148.832   49.757
2004.114_01.50.LN.SNY.BHRRF.SAC   7.49500   0.00  180.962   51.019
2004.128_01.26.LN.SNY.BHRRF.SAC   5.64200   0.10  136.100   76.814
2004.132_08.28.LN.SNY.BHRRF.SAC   7.79760   0.00  216.261   47.215
2004.134_09.58.LN.SNY.BHRRF.SAC   7.49040   0.10  144.536   51.429
2004.149_12.38.LN.SNY.BHRRF.SAC   7.25000   0.00  289.644   54.697
2004.177_02.35.LN.SNY.BHRRF.SAC   7.66670   0.00  170.990   48.692
2004.182_23.37.LN.SNY.BHRRF.SAC   8.21050   0.10  178.332   40.904
2004.210_03.56.LN.SNY.BHRRF.SAC   8.10240   0.10  166.006   42.940
2004.220_09.30.LN.SNY.BHRRF.SAC   7.79830   0.10   52.795   47.213
2004.263_20.26.LN.SNY.BHRRF.SAC   8.61030   0.10   55.197   35.207
2004.267_10.08.LN.SNY.BHRRF.SAC   5.49010   0.00  122.516   78.895
2004.278_19.20.LN.SNY.BHRRF.SAC   8.69510   0.10  136.454   33.854
2004.280_22.30.LN.SNY.BHRRF.SAC   8.06880   0.10  164.272   43.435
2004.282_08.27.LN.SNY.BHRRF.SAC   6.61310   0.00  136.795   63.386
2004.314_23.58.LN.SNY.BHRRF.SAC   6.55610   0.00  135.434   64.285
2004.331_02.25.LN.SNY.BHRRF.SAC   7.85260   0.10  163.571   46.453
2004.333_07.36.LN.SNY.BHRRF.SAC   7.84900   0.20  163.564   46.475
2004.358_14.59.LN.SNY.BHRRF.SAC   4.52090   0.00  157.333   97.113
2004.361_00.58.LN.SNY.BHRRF.SAC   7.90210   0.00  220.486   45.679
2004.361_09.19.LN.SNY.BHRRF.SAC   8.11310   0.10  228.875   42.823
2004.361_13.56.LN.SNY.BHRRF.SAC   7.81860   0.00  221.786   46.838
2004.362_09.39.LN.SNY.BHRRF.SAC   7.98330   0.10  223.381   44.524
2004.364_05.56.LN.SNY.BHRRF.SAC   8.14090   0.10  227.781   42.400
2005.001_06.25.LN.SNY.BHRRF.SAC   7.88230   0.00  225.998   46.042
2005.002_08.27.LN.SNY.BHRRF.SAC   7.88730   0.00  220.922   45.979
2005.002_15.35.LN.SNY.BHRRF.SAC   7.97370   0.00  226.331   44.682
2005.009_22.12.LN.SNY.BHRRF.SAC   7.98370   0.00  222.513   44.613
2005.014_08.33.LN.SNY.BHRRF.SAC   7.37440   0.10  142.570   53.056
2005.016_20.17.LN.SNY.BHRRF.SAC   8.65440   0.00  148.957   34.255
2005.017_10.50.LN.SNY.BHRRF.SAC   8.67750   0.10  149.141   34.146
2005.022_20.30.LN.SNY.BHRRF.SAC   6.91640   0.00  137.440   59.254
2005.046_14.42.LN.SNY.BHRRF.SAC   8.50210   0.00  175.421   36.981
2005.050_00.04.LN.SNY.BHRRF.SAC   7.80080   0.10  182.101   47.171
2005.053_02.25.LN.SNY.BHRRF.SAC   7.32660   0.00  281.031   53.717
2005.057_12.56.LN.SNY.BHRRF.SAC   7.86750   0.10  220.576   46.159
2005.078_17.34.LN.SNY.BHRRF.SAC   5.03270   0.10  128.288   82.324
2005.084_01.04.LN.SNY.BHRRF.SAC   7.97900   0.10  223.816   44.558
2005.085_15.40.LN.SNY.BHRRF.SAC   7.82240   0.10  171.340   46.872
2005.089_16.19.LN.SNY.BHRRF.SAC   7.86860   0.00  220.859   46.182
2005.092_12.52.LN.SNY.BHRRF.SAC   7.27410   0.00  347.407   54.434
2005.093_00.59.LN.SNY.BHRRF.SAC   7.79270   0.00  215.578   47.148
2005.093_03.10.LN.SNY.BHRRF.SAC   7.87980   0.00  217.085   45.838
2005.097_11.46.LN.SNY.BHRRF.SAC   7.78360   0.30  216.918   47.322
2005.101_06.11.LN.SNY.BHRRF.SAC   7.86330   0.10  218.636   46.246
2005.101_12.20.LN.SNY.BHRRF.SAC   7.62770   0.10  150.067   49.445
2005.130_01.09.LN.SNY.BHRRF.SAC   7.49630   0.10  206.419   51.321
2005.134_05.05.LN.SNY.BHRRF.SAC   7.81190   0.00  215.627   46.912
2005.155_14.50.LN.SNY.BHRRF.SAC   7.40850   0.10  150.336   52.423
2005.159_06.28.LN.SNY.BHRRF.SAC   7.85980   0.00  218.709   46.274
2005.165_17.10.LN.SNY.BHRRF.SAC   8.37970   0.10   56.333   38.676
2005.166_02.50.LN.SNY.BHRRF.SAC   5.69020   0.10   46.573   76.148
2005.168_06.21.LN.SNY.BHRRF.SAC   5.69100   0.10   47.396   76.137
2005.205_15.42.LN.SNY.BHRRF.SAC   8.04560   0.00  228.360   43.738
2005.211_15.13.LN.SNY.BHRRF.SAC   7.96480   0.00  223.507   44.763
2005.223_09.08.LN.SNY.BHRRF.SAC   5.63280   0.10  137.010   76.941
2005.252_07.26.LN.SNY.BHRRF.SAC   7.30660   0.10  141.883   53.575
2005.259_00.31.LN.SNY.BHRRF.SAC   7.25720   0.20  142.352   54.609
2005.284_15.05.LN.SNY.BHRRF.SAC   7.96700   0.00  222.460   44.775
2005.309_10.48.LN.SNY.BHRRF.SAC   7.58990   0.10  147.224   50.007
2005.323_14.10.LN.SNY.BHRRF.SAC   7.86410   0.00  218.649   46.207
2005.329_05.31.LN.SNY.BHRRF.SAC   8.55420   0.10  175.191   35.894
2005.331_10.22.LN.SNY.BHRRF.SAC   7.11770   0.00  277.608   56.551
2005.342_09.01.LN.SNY.BHRRF.SAC   7.37960   0.10  149.785   51.774
2005.345_14.20.LN.SNY.BHRRF.SAC   7.24450   0.10  144.384   54.833
2005.346_21.47.LN.SNY.BHRRF.SAC   8.16780   0.10  280.083   40.560
2005.347_03.16.LN.SNY.BHRRF.SAC   5.56570   0.00  123.303   77.868
2007.213_17.08.LN.SNY.BHRRF.SAC   6.09810   0.00  134.518   70.143
2007.214_03.21.LN.SNY.BHRRF.SAC   8.36650   0.10   56.117   39.061
2007.220_17.04.LN.SNY.BHRRF.SAC   7.49000   0.10  200.933   49.695
2007.220_17.05.LN.SNY.BHRRF.SAC   7.49510   0.10  201.286   49.701
2007.227_20.22.LN.SNY.BHRRF.SAC   8.25500   0.10   57.211   40.747
2007.228_08.39.LN.SNY.BHRRF.SAC   6.78890   0.10  138.684   61.052
2007.229_03.04.LN.SNY.BHRRF.SAC   7.80110   0.10  172.039   47.167
2007.245_01.05.LN.SNY.BHRRF.SAC   6.44010   0.00  133.839   65.810
2007.255_11.10.LN.SNY.BHRRF.SAC   7.56560   0.10  209.333   50.298
2007.255_23.49.LN.SNY.BHRRF.SAC   7.67280   0.00  210.861   48.825
2007.256_02.30.LN.SNY.BHRRF.SAC   7.70370   0.00  212.785   48.433
2007.256_03.35.LN.SNY.BHRRF.SAC   7.67530   0.00  212.599   48.851
2007.256_09.48.LN.SNY.BHRRF.SAC   8.43590   0.10  175.523   37.941
2007.256_16.09.LN.SNY.BHRRF.SAC   7.65040   0.10  209.747   49.055
2007.257_06.01.LN.SNY.BHRRF.SAC   7.58850   0.00  209.746   50.035
2007.262_07.27.LN.SNY.BHRRF.SAC   7.66620   0.00  210.737   48.917
2007.263_08.31.LN.SNY.BHRRF.SAC   7.69630   0.00  212.041   48.526
2007.269_12.36.LN.SNY.BHRRF.SAC   7.29720   0.10  142.096   53.990
2007.269_15.43.LN.SNY.BHRRF.SAC   7.69260   0.00  212.951   48.595
2007.270_19.57.LN.SNY.BHRRF.SAC   5.73400   0.10  136.357   75.550
2007.271_01.01.LN.SNY.BHRRF.SAC   5.72460   0.00  136.352   75.675
2007.273_02.08.LN.SNY.BHRRF.SAC   8.51490   0.00  141.772   36.803
2007.275_18.00.LN.SNY.BHRRF.SAC   7.65330   0.10   48.083   49.107
2007.277_12.40.LN.SNY.BHRRF.SAC   7.74580   0.00  223.454   47.821
2007.283_00.19.LN.SNY.BHRRF.SAC   7.69540   0.10  212.989   48.551
2007.286_17.45.LN.SNY.BHRRF.SAC   5.72320   0.00  136.500   75.610
2007.297_21.02.LN.SNY.BHRRF.SAC   7.59740   0.00  210.016   49.927
2007.304_13.44.LN.SNY.BHRRF.SAC   8.29800   0.10   55.695   40.028
2007.326_08.48.LN.SNY.BHRRF.SAC   7.43460   0.10  149.735   52.001
2007.327_01.26.LN.SNY.BHRRF.SAC   7.32720   0.00  143.698   52.936
2007.329_02.51.LN.SNY.BHRRF.SAC   7.66060   0.00  210.375   48.871
2007.329_16.02.LN.SNY.BHRRF.SAC   7.57450   0.10  186.763   50.071
2007.329_19.53.LN.SNY.BHRRF.SAC   7.58560   0.10  186.656   50.020
2007.331_11.49.LN.SNY.BHRRF.SAC   6.61580   0.10  136.715   63.430
2007.343_07.28.LN.SNY.BHRRF.SAC   4.85550   0.10  129.510   86.736
2007.349_09.39.LN.SNY.BHRRF.SAC   7.68760   0.10  169.937   48.714
2007.353_09.30.LN.SNY.BHRRF.SAC   8.34650   0.10   55.958   39.314
2007.355_07.24.LN.SNY.BHRRF.SAC   8.31920   0.10   55.916   39.682
2007.356_07.11.LN.SNY.BHRRF.SAC   7.86600   0.00  158.266   46.195
2007.360_22.04.LN.SNY.BHRRF.SAC   7.88560   0.00   51.952   45.884
2008.001_18.54.LN.SNY.BHRRF.SAC   7.44020   0.10  150.049   52.031
2008.004_07.29.LN.SNY.BHRRF.SAC   7.66760   0.10  210.547   48.897
2008.005_11.01.LN.SNY.BHRRF.SAC   6.35550   0.10   41.076   67.051
2008.009_08.26.LN.SNY.BHRRF.SAC   8.79000   0.00  265.259   31.874
2008.010_01.37.LN.SNY.BHRRF.SAC   5.87010   0.10   45.460   73.711
2008.020_20.26.LN.SNY.BHRRF.SAC   8.33760   0.10  174.900   39.414
2008.022_07.55.LN.SNY.BHRRF.SAC   5.41490  -0.10  120.915   79.927
2008.022_17.14.LN.SNY.BHRRF.SAC   7.81300   0.10  217.057   46.961
2008.030_07.32.LN.SNY.BHRRF.SAC   7.66600   0.00  174.597   49.035
2008.038_20.58.LN.SNY.BHRRF.SAC   7.48430   0.20  188.819   49.557
2008.040_18.34.LN.SNY.BHRRF.SAC   8.16710   0.00  177.744   41.893
2008.044_19.58.LN.SNY.BHRRF.SAC   7.59550   0.00  173.443   49.957
2008.045_10.09.LN.SNY.BHRRF.SAC   5.81600  -0.10  305.051   74.381
2008.045_12.08.LN.SNY.BHRRF.SAC   5.81750   0.00  304.823   74.364
2008.051_08.08.LN.SNY.BHRRF.SAC   7.87280   0.00  219.978   46.104
2008.052_14.16.LN.SNY.BHRRF.SAC   5.26040   0.10   40.534   81.940
2008.055_14.46.LN.SNY.BHRRF.SAC   7.66590   0.20  212.084   48.979
2008.056_08.36.LN.SNY.BHRRF.SAC   7.66070   0.10  211.992   49.037
2008.056_18.06.LN.SNY.BHRRF.SAC   7.66860   0.00  212.171   48.929
2008.056_21.02.LN.SNY.BHRRF.SAC   7.67190   0.10  212.318   48.883
2008.063_02.37.LN.SNY.BHRRF.SAC   7.67670   0.00  212.334   48.817
2008.066_01.21.LN.SNY.BHRRF.SAC   8.30200   0.10  172.650   39.305
2008.072_11.23.LN.SNY.BHRRF.SAC   6.08620   0.10  135.376   70.767
2008.075_14.43.LN.SNY.BHRRF.SAC   7.82120   0.00  221.582   46.824
2008.078_08.22.LN.SNY.BHRRF.SAC   4.69070   0.10  131.498   89.224
2008.080_14.10.LN.SNY.BHRRF.SAC   8.56000   0.10  174.272   35.625
2008.080_22.32.LN.SNY.BHRRF.SAC   8.73010   0.00  273.111   33.232
2008.082_21.24.LN.SNY.BHRRF.SAC   8.27180   0.10   54.576   39.703
2008.089_17.30.LN.SNY.BHRRF.SAC   7.85700   0.00  220.844   46.352
2008.100_12.46.LN.SNY.BHRRF.SAC   5.80670   0.00  136.087   74.492
2008.100_14.47.LN.SNY.BHRRF.SAC   5.81150   0.00  136.059   74.421
2008.106_22.59.LN.SNY.BHRRF.SAC   8.34940   0.10   55.167   39.356
2008.107_05.54.LN.SNY.BHRRF.SAC   8.34080   0.10   55.104   39.473
2008.109_20.39.LN.SNY.BHRRF.SAC   5.28290   0.10  124.995   79.178
2008.110_03.12.LN.SNY.BHRRF.SAC   7.63510   0.10  177.240   49.438
2008.110_05.58.LN.SNY.BHRRF.SAC   5.80240   0.00  136.280   74.610
2008.110_10.21.LN.SNY.BHRRF.SAC   7.63150   0.10  177.206   49.499
2008.119_18.33.LN.SNY.BHRRF.SAC   5.81260   0.10  135.963   74.416
2008.119_20.26.LN.SNY.BHRRF.SAC   5.79860   0.00  136.237   74.595
2008.120_19.10.LN.SNY.BHRRF.SAC   7.55960   0.10  174.757   47.838
2008.130_21.51.LN.SNY.BHRRF.SAC   8.67000   0.00  143.960   33.839
2008.141_13.53.LN.SNY.BHRRF.SAC   8.41560   0.00   56.533   38.293
2008.144_22.50.LN.SNY.BHRRF.SAC   7.62340   0.00  172.218   48.951
2008.146_19.18.LN.SNY.BHRRF.SAC   7.38570   0.10   44.220   52.852
2008.155_16.20.LN.SNY.BHRRF.SAC   6.65690   0.10  137.335   62.536
2008.155_22.04.LN.SNY.BHRRF.SAC   7.61000   0.10  184.342   49.778
2008.160_12.25.LN.SNY.BHRRF.SAC   5.88360  -0.10  306.284   73.522
2008.178_21.19.LN.SNY.BHRRF.SAC   4.99330   0.00  123.149   85.271
2008.179_11.40.LN.SNY.BHRRF.SAC   8.20760   0.00  231.369   41.411
2008.197_03.26.LN.SNY.BHRRF.SAC   6.06220  -0.10  301.158   70.950
2008.201_09.27.LN.SNY.BHRRF.SAC   6.52920   0.00  134.648   64.657
2008.207_20.11.LN.SNY.BHRRF.SAC   7.44880   0.10  150.281   51.882
2008.217_20.45.LN.SNY.BHRRF.SAC   7.67730   0.10  171.107   47.895
2008.232_16.30.LN.SNY.BHRRF.SAC   5.33210   0.00  119.424   80.996
2008.238_13.21.LN.SNY.BHRRF.SAC   8.69920   0.10  264.302   33.775
2008.243_06.54.LN.SNY.BHRRF.SAC   7.39610   0.10  149.740   52.417
2008.252_03.03.LN.SNY.BHRRF.SAC   5.80420   0.10  135.850   74.515
2008.252_18.52.LN.SNY.BHRRF.SAC   6.25420   0.00  133.900   68.027
2008.254_11.00.LN.SNY.BHRRF.SAC   7.11340   0.10  277.539   56.603
2008.255_00.00.LN.SNY.BHRRF.SAC   8.27500   0.10  174.097   39.910
2008.294_04.54.LN.SNY.BHRRF.SAC   8.15600   0.20  184.393   41.622
2008.296_12.55.LN.SNY.BHRRF.SAC   5.17330   0.00  123.008   82.262
2008.297_10.04.LN.SNY.BHRRF.SAC   7.70040   0.10  150.057   48.554
2008.302_16.00.LN.SNY.BHRRF.SAC   7.63250   0.00  150.119   49.455
2008.302_23.09.LN.SNY.BHRRF.SAC   7.88590   0.00  274.839   45.972
2008.306_01.13.LN.SNY.BHRRF.SAC   7.55950   0.00  146.659   50.483
2008.307_13.48.LN.SNY.BHRRF.SAC   8.12820  -0.10   54.778   42.468
2008.312_07.19.LN.SNY.BHRRF.SAC   6.16370   0.10  133.766   69.698
2008.312_16.04.LN.SNY.BHRRF.SAC   7.69960   0.10  172.710   48.565
2008.321_17.02.LN.SNY.BHRRF.SAC   8.27220   0.10  182.294   40.396
2008.327_16.01.LN.SNY.BHRRF.SAC   7.57210   0.10  209.506   50.254
2008.344_17.28.LN.SNY.BHRRF.SAC   6.02380   0.10  134.294   70.682
2008.346_21.40.LN.SNY.BHRRF.SAC   8.14440   0.00  180.227   41.577
2008.359_09.11.LN.SNY.BHRRF.SAC   5.13220   0.00  119.800   83.628
2008.360_03.20.LN.SNY.BHRRF.SAC   8.47900   0.00  176.959   35.955
2009.003_19.43.LN.SNY.BHRRF.SAC   8.10570   0.10  166.252   42.883
2009.003_22.33.LN.SNY.BHRRF.SAC   8.07940   0.10  165.720   43.229
2009.006_22.48.LN.SNY.BHRRF.SAC   8.08210   0.10  165.526   43.222
2009.018_14.11.LN.SNY.BHRRF.SAC   4.67650   0.00  132.443   89.666
2009.019_03.35.LN.SNY.BHRRF.SAC   5.58270   0.00  135.918   77.627
2009.021_17.08.LN.SNY.BHRRF.SAC   5.56970   0.00  135.868   77.772
2009.022_13.40.LN.SNY.BHRRF.SAC   7.38980   0.10  148.179   52.686
2009.042_17.34.LN.SNY.BHRRF.SAC   8.44620   0.10  175.430   37.860
2009.043_03.49.LN.SNY.BHRRF.SAC   8.44800   0.00  175.386   37.801
2009.043_08.30.LN.SNY.BHRRF.SAC   8.44530   0.00  174.875   37.796
2009.043_13.15.LN.SNY.BHRRF.SAC   8.45280   0.00  175.154   37.722
2009.049_21.53.LN.SNY.BHRRF.SAC   4.71970   0.10  129.576   88.461
2009.053_17.45.LN.SNY.BHRRF.SAC   8.42820   0.00  175.169   38.076
2009.065_10.50.LN.SNY.BHRRF.SAC   7.27380   0.00  350.244   54.442
2009.075_14.15.LN.SNY.BHRRF.SAC   8.43540   0.10  175.171   37.949
2009.078_18.17.LN.SNY.BHRRF.SAC   4.93090   0.10  125.576   86.153
2009.087_17.59.LN.SNY.BHRRF.SAC   7.78630   0.10  157.893   46.877
2009.091_03.54.LN.SNY.BHRRF.SAC   7.67920   0.10  152.304   48.846
2009.094_05.31.LN.SNY.BHRRF.SAC   8.51110   0.10  173.950   36.665
2009.105_20.01.LN.SNY.BHRRF.SAC   7.63440   0.00  211.065   49.420
2009.109_05.23.LN.SNY.BHRRF.SAC   8.45930   0.10  174.932   37.631
2009.132_01.26.LN.SNY.BHRRF.SAC   7.36040   0.10  146.871   52.865
2009.153_02.17.LN.SNY.BHRRF.SAC   5.99060   0.10  135.542   72.079
2009.165_05.58.LN.SNY.BHRRF.SAC   8.53330   0.10  175.198   36.401
2009.174_14.19.LN.SNY.BHRRF.SAC   7.26690   0.10  141.883   54.267
2009.187_14.53.LN.SNY.BHRRF.SAC   8.48240   0.10   57.962   37.283
2009.188_19.11.LN.SNY.BHRRF.SAC   6.67220   0.00    4.539   62.631
2009.194_10.52.LN.SNY.BHRRF.SAC   7.51040  -0.10  185.431   50.858
2009.214_08.54.LN.SNY.BHRRF.SAC   8.09580   0.10  166.249   42.937
2009.222_04.06.LN.SNY.BHRRF.SAC   6.42720  -0.10  133.547   65.989
2009.222_19.55.LN.SNY.BHRRF.SAC   8.41990   0.00  232.980   38.334
2009.228_07.38.LN.SNY.BHRRF.SAC   7.71490   0.10  213.115   48.315
2009.230_21.20.LN.SNY.BHRRF.SAC   4.85770   0.10  130.120   86.240
2009.232_06.35.LN.SNY.BHRRF.SAC   6.90770   0.00  342.498   59.453
2009.242_14.51.LN.SNY.BHRRF.SAC   5.27860   0.10  118.865   81.686
2009.245_07.55.LN.SNY.BHRRF.SAC   7.46790   0.10  200.769   51.573
2009.250_16.12.LN.SNY.BHRRF.SAC   7.36620   0.10  196.009   53.120
2009.251_18.51.LN.SNY.BHRRF.SAC   8.26120   0.00  184.121   40.598
2009.261_18.34.LN.SNY.BHRRF.SAC   8.26900   0.10  174.383   40.026
2009.272_23.45.LN.SNY.BHRRF.SAC   5.24420   0.10  119.266   82.145
2009.273_10.16.LN.SNY.BHRRF.SAC   7.75020   0.00  213.066   47.473
2009.274_01.52.LN.SNY.BHRRF.SAC   7.70650   0.00  210.103   48.474
2009.275_01.07.LN.SNY.BHRRF.SAC   5.26180   0.00  120.265   81.916
2009.275_15.47.LN.SNY.BHRRF.SAC   5.76830  -0.10  129.763   75.081
2009.277_10.58.LN.SNY.BHRRF.SAC   8.25940   0.10  180.347   34.942
2009.280_21.41.LN.SNY.BHRRF.SAC   8.13250   0.00  181.974   37.600
2009.280_22.03.LN.SNY.BHRRF.SAC   6.32380   0.00  134.007   67.371
2009.281_08.28.LN.SNY.BHRRF.SAC   6.33280   0.10  134.709   67.293
2009.285_09.37.LN.SNY.BHRRF.SAC   6.36080   0.10  133.665   66.874
2009.286_05.37.LN.SNY.BHRRF.SAC   7.83860   0.00   51.567   46.589
2009.286_11.38.LN.SNY.BHRRF.SAC   8.37010   0.00  172.596   38.951
2009.286_20.21.LN.SNY.BHRRF.SAC   7.84390   0.10   51.793   46.558
2009.287_18.00.LN.SNY.BHRRF.SAC   5.40920   0.10  120.284   79.992
2009.288_12.11.LN.SNY.BHRRF.SAC   7.77530   0.10  157.937   46.973
2009.289_09.52.LN.SNY.BHRRF.SAC   7.51470   0.10  203.751   50.972
2009.295_19.51.LN.SNY.BHRRF.SAC   8.18450   0.00  280.437   40.615
2009.296_11.15.LN.SNY.BHRRF.SAC   8.06010   0.00  164.579   43.537
2009.296_15.14.LN.SNY.BHRRF.SAC   6.39490   0.00  133.935   66.450
2009.297_14.40.LN.SNY.BHRRF.SAC   7.68030   0.10  170.895   48.133
2009.302_17.44.LN.SNY.BHRRF.SAC   8.16110   0.00  280.371   40.834
2009.312_19.41.LN.SNY.BHRRF.SAC   7.59290   0.10  186.398   49.996
2009.313_10.44.LN.SNY.BHRRF.SAC   5.39010   0.00  126.922   77.498
2009.321_15.30.LN.SNY.BHRRF.SAC   6.42070   0.20   40.598   66.189
2009.326_07.48.LN.SNY.BHRRF.SAC   5.24430   0.10  124.845   79.889
2009.343_09.46.LN.SNY.BHRRF.SAC   5.59940   0.10  135.621   77.287
2009.343_21.29.LN.SNY.BHRRF.SAC   7.87340   0.10  220.050   46.129
2009.351_20.01.LN.SNY.BHRRF.SAC   8.36720   0.00   55.919   38.979
2010.003_21.48.LN.SNY.BHRRF.SAC   6.92510   0.10  140.041   59.143
2010.003_22.36.LN.SNY.BHRRF.SAC   6.92640   0.10  140.204   59.129
2010.005_12.15.LN.SNY.BHRRF.SAC   6.90790   0.00  140.121   59.419
2010.009_05.51.LN.SNY.BHRRF.SAC   6.89890   0.00  140.109   59.552
2010.010_00.27.LN.SNY.BHRRF.SAC   5.60610   0.10   46.438   77.254
2010.044_02.34.LN.SNY.BHRRF.SAC   5.00190   0.10  124.897   85.232
2010.046_21.51.LN.SNY.BHRRF.SAC   7.61700   0.10  173.233   49.033
2010.063_14.02.LN.SNY.BHRRF.SAC   6.21690   0.00  133.715   68.225
2010.073_00.57.LN.SNY.BHRRF.SAC   8.04670   0.10  173.378   43.514
2010.079_14.00.LN.SNY.BHRRF.SAC   7.26570  -0.10  142.561   51.978
2010.089_16.54.LN.SNY.BHRRF.SAC   8.38580   0.00  232.627   38.707
2010.094_22.40.LN.SNY.BHRRF.SAC   4.71960   0.10   46.476   88.514
2010.095_10.05.LN.SNY.BHRRF.SAC   8.17200   0.10  177.859   41.843
2010.096_22.15.LN.SNY.BHRRF.SAC   7.88380   0.00  218.400   45.929
2010.097_14.33.LN.SNY.BHRRF.SAC   7.70720   0.10  155.145   48.362
2010.101_09.40.LN.SNY.BHRRF.SAC   6.66160   0.00  137.696   62.771
2010.107_23.15.LN.SNY.BHRRF.SAC   7.37000   0.10  149.948   52.911
2010.114_07.41.LN.SNY.BHRRF.SAC   8.04250   0.00  173.424   43.731
2010.120_23.11.LN.SNY.BHRRF.SAC   8.33100   0.10   41.506   39.616
2010.125_16.29.LN.SNY.BHRRF.SAC   7.58660   0.00  209.843   50.043
2010.129_05.59.LN.SNY.BHRRF.SAC   7.93160   0.00  220.570   45.226
2010.136_00.33.LN.SNY.BHRRF.SAC   8.17890   0.00  178.360   41.142
2010.147_17.14.LN.SNY.BHRRF.SAC   6.28150   0.10  134.300   68.016
2010.151_10.16.LN.SNY.BHRRF.SAC   8.63450   0.00  179.263   34.732
2010.151_19.51.LN.SNY.BHRRF.SAC   8.23700   0.00  229.482   40.360
2010.153_09.28.LN.SNY.BHRRF.SAC   7.35190   0.10  147.274   53.271
2010.163_19.26.LN.SNY.BHRRF.SAC   8.02940   0.00  228.577   43.876
2010.167_03.06.LN.SNY.BHRRF.SAC   7.91490   0.10  161.575   45.577
2010.167_03.16.LN.SNY.BHRRF.SAC   7.92990   0.00  161.627   45.348
2010.169_23.09.LN.SNY.BHRRF.SAC   8.37580   0.00  231.859   38.927
2010.175_05.32.LN.SNY.BHRRF.SAC   7.33890   0.10  144.970   53.417
2010.177_05.30.LN.SNY.BHRRF.SAC   6.66110   0.00  137.238   62.725
2010.177_09.50.LN.SNY.BHRRF.SAC   7.44740   0.10  199.726   51.601
2010.179_18.19.LN.SNY.BHRRF.SAC   6.78610   0.00  136.818   60.998
2010.182_16.57.LN.SNY.BHRRF.SAC   7.79940   0.10  172.091   47.073
2010.191_11.43.LN.SNY.BHRRF.SAC   8.54430   0.00  140.818   36.332
2010.199_05.56.LN.SNY.BHRRF.SAC   7.96450   0.10   52.011   44.883
2010.199_13.04.LN.SNY.BHRRF.SAC   7.33620   0.20  146.030   53.513
2010.201_19.18.LN.SNY.BHRRF.SAC   7.32910   0.10  145.695   53.581
2010.202_09.16.LN.SNY.BHRRF.SAC   8.34560   0.00  172.593   38.842
2010.204_22.08.LN.SNY.BHRRF.SAC   8.26980   0.10  180.293   34.964
2010.204_22.51.LN.SNY.BHRRF.SAC   8.27490   0.10  180.191   35.194
2010.205_05.35.LN.SNY.BHRRF.SAC   8.28550   0.10  180.101   35.460
2002.013_14.10.LN.SNY.BHRRF.SAC   7.33640   0.10  145.279   53.427
2003.361_04.55.LN.SNY.BHRRF.SAC   5.66800  -0.10  136.931   76.455
2004.180_09.49.LN.SNY.BHRRF.SAC   6.64180   0.10   39.204   63.055
2004.307_10.02.LN.SNY.BHRRF.SAC   6.19880   0.10   41.835   69.224
2005.001_19.08.LN.SNY.BHRRF.SAC   8.08670   0.00  225.202   43.049
2005.098_05.48.LN.SNY.BHRRF.SAC   7.73980   0.00  215.981   47.977
2008.009_14.40.LN.SNY.BHRRF.SAC   6.38990   0.10   40.923   66.591
2008.102_17.45.LN.SNY.BHRRF.SAC   5.79400   0.00  136.312   74.731
2008.293_05.10.LN.SNY.BHRRF.SAC   4.95750   0.10  124.210   85.786
2008.341_10.55.LN.SNY.BHRRF.SAC   7.47780   0.00  178.476   48.997
2009.196_20.10.LN.SNY.BHRRF.SAC   7.50480   0.00  144.553   51.219
2009.272_17.48.LN.SNY.BHRRF.SAC   5.23910   0.10  118.706   82.192
2010.003_04.11.LN.SNY.BHRRF.SAC   7.50570   0.10  150.987   51.117
2010.014_14.03.LN.SNY.BHRRF.SAC   8.66150  -0.10  146.466   34.270
2010.128_03.22.LN.SNY.BHRRF.SAC   7.60110   0.10  186.891   49.907
2010.166_04.26.LN.SNY.BHRRF.SAC   4.76070   0.00   46.634   87.857
2010.199_19.48.LN.SNY.BHRRF.SAC   7.95910   0.20   52.069   44.974
2010.203_05.03.LN.SNY.BHRRF.SAC   6.13990   0.10  133.839   70.036
2002.205_03.05.LN.SNY.BHRRF.SAC   7.51490   0.00  186.380   50.995
2003.125_15.50.LN.SNY.BHRRF.SAC   8.15130   0.00  174.534   41.547
2003.141_18.44.LN.SNY.BHRRF.SAC   5.07510  -0.10  315.663   84.332
2004.361_04.21.LN.SNY.BHRRF.SAC   8.00830   0.10  226.598   44.140
2005.047_08.19.LN.SNY.BHRRF.SAC   8.13980   0.00  226.253   42.397
2005.048_05.31.LN.SNY.BHRRF.SAC   7.97180   0.20  222.275   44.780
2005.087_16.09.LN.SNY.BHRRF.SAC   7.86360   0.00  218.253   46.214
2005.104_11.29.LN.SNY.BHRRF.SAC   7.69670   0.00  212.362   48.502
2009.314_02.48.LN.SNY.BHRRF.SAC   8.04380   0.00  228.785   43.732
2009.332_06.04.LN.SNY.BHRRF.SAC   7.43510   0.10  185.826   52.155
2002.231_11.01.LN.SNY.BHRRF.SAC   5.04330   0.10  128.204   82.251
2002.277_19.05.LN.SNY.BHRRF.SAC   5.05290   0.10  127.219   81.854
2003.016_00.53.LN.SNY.BHRRF.SAC   5.96950  -0.10   45.975   72.382
2003.356_19.15.LN.SNY.BHRRF.SAC   5.19840   0.10   47.863   82.765
2004.201_08.01.LN.SNY.BHRRF.SAC   6.14510   0.10   40.692   69.926
2004.362_00.32.LN.SNY.BHRRF.SAC   7.98400   0.00  223.680   44.523
2007.289_21.05.LN.SNY.BHRRF.SAC   4.88560   0.10  131.399   84.839
2007.349_08.03.LN.SNY.BHRRF.SAC   7.59250   0.00  174.887   49.239
2008.185_03.02.LN.SNY.BHRRF.SAC   4.96080   0.20  129.400   83.364
2002.224_02.59.LN.SNY.BHRRF.SAC   5.80910   0.10  135.701   74.116
2003.273_14.08.LN.SNY.BHRRF.SAC   4.66400   0.00  132.204   90.124
2003.360_21.26.LN.SNY.BHRRF.SAC   5.65540   0.20  137.106   76.629
2003.361_22.38.LN.SNY.BHRRF.SAC   5.67480   0.10  136.431   76.360
2004.078_20.04.LN.SNY.BHRRF.SAC   4.95180   0.10  126.975   85.882
2004.115_07.44.LN.SNY.BHRRF.SAC   5.00610   0.10  124.893   85.180
2005.090_01.39.LN.SNY.BHRRF.SAC   5.61490   0.10  129.532   77.189
2005.149_21.44.LN.SNY.BHRRF.SAC   4.68050   0.10  132.524   89.561
2007.271_01.35.LN.SNY.BHRRF.SAC   5.72850   0.10  136.302   75.622
2007.323_00.52.LN.SNY.BHRRF.SAC   5.05000   0.20  127.272   82.282
2010.053_07.00.LN.SNY.BHRRF.SAC   4.95980   0.00  126.921   85.765
2010.181_04.31.LN.SNY.BHRRF.SAC   5.00970   0.00  130.160   82.680
2007.353_14.51.LN.SNY.BHRRF.SAC   8.34260  -0.10   56.099   39.341
2001.109_02.40.LN.SNY.BHRRF.SAC   7.05810  -0.10  140.856   57.297
2008.245_04.00.LN.SNY.BHRRF.SAC   4.89660   0.00  129.164   86.155
2002.267_04.13.LN.SNY.BHRRF.SAC   6.68000   0.20  137.462   62.469
2001.118_04.49.LN.SNY.BHRRF.SAC   5.23280   0.10  123.966   80.930
2001.146_10.57.LN.SNY.BHRRF.SAC   5.12330   0.00  125.995   82.113
2002.231_11.08.LN.SNY.BHRRF.SAC   4.96420   0.00  131.022   82.644
2002.267_22.54.LN.SNY.BHRRF.SAC   6.68500   0.10  137.595   62.399
2003.301_02.33.LN.SNY.BHRRF.SAC   7.33670  -0.20  144.560   53.373
2007.217_09.28.LN.SNY.BHRRF.SAC   5.86700   0.00  135.707   73.639
2007.238_12.37.LN.SNY.BHRRF.SAC   5.20970   0.10  121.640   82.192
2008.210_21.40.LN.SNY.BHRRF.SAC   6.60970   0.00  135.654   63.536
2009.245_18.00.LN.SNY.BHRRF.SAC   4.68740   0.10  132.586   88.461
2010.064_16.07.LN.SNY.BHRRF.SAC   7.60370   0.10  210.112   49.813
2010.101_02.19.LN.SNY.BHRRF.SAC   6.33490   0.00  133.976   67.350
2009.283_19.41.LN.SNY.BHRRF.SAC   5.27850   0.00  119.516   81.685
2002.127_15.16.LN.SNY.BHRRF.SAC   5.87300  -0.10  135.729   73.609
2002.167_06.55.LN.SNY.BHRRF.SAC   5.23930   0.00  125.095   79.715
2002.172_00.05.LN.SNY.BHRRF.SAC   7.53570   0.00  149.517   50.711
2002.181_21.29.LN.SNY.BHRRF.SAC   5.06220   0.00  129.407   81.776
2003.123_05.03.LN.SNY.BHRRF.SAC   5.33310   0.10  119.671   80.913
2003.124_20.08.LN.SNY.BHRRF.SAC   4.67310   0.00  132.956   89.787
2003.245_18.27.LN.SNY.BHRRF.SAC   5.31340   0.00  119.345   81.233
2003.280_04.55.LN.SNY.BHRRF.SAC   5.08700   0.20  118.122   84.126
2004.154_08.50.LN.SNY.BHRRF.SAC   4.64510   0.00  135.170   90.866
2004.327_20.26.LN.SNY.BHRRF.SAC   4.56640   0.00  152.826   95.336
2005.136_03.54.LN.SNY.BHRRF.SAC   4.64780   0.00  134.818   90.778
2005.219_11.35.LN.SNY.BHRRF.SAC   5.55160   0.00  121.792   78.062
2005.341_23.32.LN.SNY.BHRRF.SAC   4.67490   0.00  132.128   89.708
2008.100_11.13.LN.SNY.BHRRF.SAC   5.80550   0.00  136.171   74.562
2009.274_06.13.LN.SNY.BHRRF.SAC   5.30350   0.10  119.465   81.362
2009.292_22.49.LN.SNY.BHRRF.SAC   5.25450  -0.10  118.739   81.987
2009.328_12.47.LN.SNY.BHRRF.SAC   5.03510   0.10  123.594   84.794
2010.004_11.28.LN.SNY.BHRRF.SAC   6.96510   0.00  140.228   58.637
2010.111_17.20.LN.SNY.BHRRF.SAC   5.30300   0.10  119.364   81.298
2010.160_23.23.LN.SNY.BHRRF.SAC   5.86800   0.00  134.805   73.622
2005.078_15.02.LN.SNY.BHRRF.SAC   5.07440   0.10  123.612   84.341
2010.032_22.28.LN.SNY.BHRRF.SAC   7.19430   0.00  141.688   55.422
2010.072_02.53.LN.SNY.BHRRF.SAC   8.28090  -0.10  165.337   40.363
2003.185_00.33.LN.SNY.BHRRF.SAC   7.32820  -0.30  144.396   53.602
2004.054_16.04.LN.SNY.BHRRF.SAC   5.46010   0.00  120.799   79.301
2009.163_09.44.LN.SNY.BHRRF.SAC   6.00470  -0.20  135.573   71.886
2010.100_16.54.LN.SNY.BHRRF.SAC   5.10380   0.00  124.754   82.997
2009.015_07.27.LN.SNY.BHRRF.SAC   5.60450   0.00  135.994   77.283
2005.221_14.12.LN.SNY.BHRRF.SAC   5.54890  -0.10  132.849   78.025
2003.139_10.43.LN.SNY.BHRRF.SAC   5.23040   0.00  125.276   79.839
2008.015_17.52.LN.SNY.BHRRF.SAC   5.02130  -0.10  128.349   82.434
2009.108_02.03.LN.SNY.BHRRF.SAC   4.69520   0.10  131.286   88.963
2009.326_22.47.LN.SNY.BHRRF.SAC   4.64690   0.00  135.028   89.334
2004.077_05.21.LN.SNY.BHRRF.SAC   5.80870   0.10  302.551   74.493
2004.308_08.31.LN.SNY.BHRRF.SAC   8.69580  -0.10  136.726   33.841
2002.178_07.16.LN.SNY.BHRRF.SAC   6.23560   0.00  133.723   67.908
2008.051_18.27.LN.SNY.BHRRF.SAC   5.81500  -0.10  304.826   74.455
2009.096_01.32.LN.SNY.BHRRF.SAC   5.75380  -0.10  314.005   75.283
2005.160_14.00.LN.SNY.BHRRF.SAC   6.38480   0.30   40.930   66.662
2009.024_18.09.LN.SNY.BHRRF.SAC   7.40820   0.20   40.053   52.116
2010.002_08.45.LN.SNY.BHRRF.SAC   8.72330   0.00  145.976   33.395
2002.015_04.48.LN.SNY.BHRRF.SAC   6.03000  -0.10  135.522   71.477
2001.118_04.41.LN.SNY.BHRRF.SAC   5.47890  -0.10  134.073   78.994
2007.298_03.44.LN.SNY.BHRRF.SAC   7.15990  -0.10  141.415   55.771
2004.161_22.52.LN.SNY.BHRRF.SAC   4.59390   0.00  170.139   94.123
2009.280_22.19.LN.SNY.BHRRF.SAC   6.36150   0.10  133.829   66.897
2009.285_03.15.LN.SNY.BHRRF.SAC   5.50670   0.10  234.781   78.681
2008.250_05.47.LN.SNY.BHRRF.SAC   8.17990   0.10  280.403   40.639
2009.332_18.10.LN.SNY.BHRRF.SAC   8.53040   0.10  175.452   36.426
2010.199_13.34.LN.SNY.BHRRF.SAC   7.33120   0.10  145.834   53.552
2003.250_13.16.LN.SNY.BHRRF.SAC   5.53680  -0.20  134.968   78.199
2005.302_04.05.LN.SNY.BHRRF.SAC   4.67100   0.10  198.474   89.921
2008.191_08.24.LN.SNY.BHRRF.SAC   5.75750   0.20  136.667   75.133
2004.174_09.04.LN.SNY.BHRRF.SAC   6.42020  -0.10  132.991   65.512
2005.138_10.27.LN.SNY.BHRRF.SAC   5.31130   0.00  119.568   81.261
2002.184_23.00.LN.SNY.BHRRF.SAC   7.48760   0.10  149.231   51.373
2005.088_05.16.LN.SNY.BHRRF.SAC   7.88130   0.30  219.171   45.968
2010.040_01.03.LN.SNY.BHRRF.SAC   5.33440  -0.10  119.413   80.961
2010.042_18.43.LN.SNY.BHRRF.SAC   7.41790   0.00  192.161   52.249
2003.071_23.41.LN.SNY.BHRRF.SAC   4.55790   0.20   47.018   95.678
2003.076_18.55.LN.SNY.BHRRF.SAC   8.45770   0.20   56.288   37.614
2008.140_14.26.LN.SNY.BHRRF.SAC   7.91070  -0.10  215.322   45.648
2003.148_16.15.LN.SNY.BHRRF.SAC   5.41530   0.10  235.174   79.912
2003.359_23.09.LN.SNY.BHRRF.SAC   5.64600  -0.10  136.942   76.758
2008.022_10.49.LN.SNY.BHRRF.SAC   5.41780  -0.10  121.186   79.878
2008.144_03.33.LN.SNY.BHRRF.SAC   8.44200   0.00   55.877   37.707
2005.306_03.09.LN.SNY.BHRRF.SAC   4.67780   0.10  132.634   89.600
2008.345_13.15.LN.SNY.BHRRF.SAC   6.35940   0.00  133.553   66.850
2007.324_12.52.LN.SNY.BHRRF.SAC   7.09290   0.00  140.816   56.701
2009.306_10.47.LN.SNY.BHRRF.SAC   4.90080   0.00  126.637   86.648
2008.086_20.06.LN.SNY.BHRRF.SAC   8.68280  -0.10  140.425   33.671
2009.280_20.52.LN.SNY.BHRRF.SAC   8.31280   0.90  359.070   39.904
2007.347_15.51.LN.SNY.BHRRF.SAC   5.26560  -0.20  118.727   81.791
2004.285_18.14.LN.SNY.BHRRF.SAC   6.02090  -0.20  135.388   71.631
2008.124_03.53.LN.SNY.BHRRF.SAC   7.65330   0.20  210.079   49.003
2005.164_19.59.LN.SNY.BHRRF.SAC   7.80970   0.10  222.183   46.995
2008.201_22.39.LN.SNY.BHRRF.SAC   5.27050  -0.10  123.725   80.229
2009.283_14.25.LN.SNY.BHRRF.SAC   6.25330   0.00  134.505   68.390
2009.360_08.57.LN.SNY.BHRRF.SAC   7.73700  -0.10  169.697   47.643
2009.348_08.54.LN.SNY.BHRRF.SAC   7.20240  -0.30  141.621   55.278
2010.148_04.25.LN.SNY.BHRRF.SAC   6.26100  -0.20  134.538   68.287
2004.009_22.35.LN.SNY.BHRRF.SAC   7.36330  -0.10  147.219   53.117
2008.309_18.35.LN.SNY.BHRRF.SAC   5.94760  -0.10  134.757   71.831
